/*--------------------------------*- C++ -*----------------------------------*\
| =========                 |                                                 |
| \\      /  F ield         | OpenFOAM: The Open Source CFD Toolbox           |
|  \\    /   O peration     | Version:  2.3.x                                 |
|   \\  /    A nd           | Web:      www.OpenFOAM.org                      |
|    \\/     M anipulation  |                                                 |
\*---------------------------------------------------------------------------*/
FoamFile
{
    version     2.0;
    format      ascii;
    class       faceList;
    location    "constant/polyMesh";
    object      faces;
}
// * * * * * * * * * * * * * * * * * * * * * * * * * * * * * * * * * * * * * //


4480
(
4(1 7 20 14)
3(13 14 20)
4(2 8 21 15)
4(14 15 21 20)
4(3 9 22 16)
4(15 16 22 21)
4(4 10 23 17)
4(16 17 23 22)
4(5 11 24 18)
4(17 18 24 23)
4(18 19 25 24)
4(14 20 33 27)
3(26 27 33)
4(15 21 34 28)
4(27 28 34 33)
4(16 22 35 29)
4(28 29 35 34)
4(17 23 36 30)
4(29 30 36 35)
4(18 24 37 31)
4(30 31 37 36)
4(31 32 38 37)
4(27 33 46 40)
3(39 40 46)
4(28 34 47 41)
4(40 41 47 46)
4(29 35 48 42)
4(41 42 48 47)
4(30 36 49 43)
4(42 43 49 48)
4(31 37 50 44)
4(43 44 50 49)
4(44 45 51 50)
4(40 46 59 53)
3(52 53 59)
4(41 47 60 54)
4(53 54 60 59)
4(42 48 61 55)
4(54 55 61 60)
4(43 49 62 56)
4(55 56 62 61)
4(44 50 63 57)
4(56 57 63 62)
4(57 58 64 63)
4(53 59 72 66)
3(65 66 72)
4(54 60 73 67)
4(66 67 73 72)
4(55 61 74 68)
4(67 68 74 73)
4(56 62 75 69)
4(68 69 75 74)
4(57 63 76 70)
4(69 70 76 75)
4(70 71 77 76)
4(58 64 77 71)
4(66 72 85 79)
3(78 79 85)
4(67 73 86 80)
4(79 80 86 85)
4(68 74 87 81)
4(80 81 87 86)
4(69 75 88 82)
4(81 82 88 87)
4(70 76 89 83)
4(82 83 89 88)
4(83 84 90 89)
4(71 77 90 84)
4(79 85 98 92)
3(91 92 98)
4(80 86 99 93)
4(92 93 99 98)
4(81 87 100 94)
4(93 94 100 99)
4(82 88 101 95)
4(94 95 101 100)
4(83 89 102 96)
4(95 96 102 101)
4(96 97 103 102)
4(84 90 103 97)
4(92 98 111 105)
3(104 105 111)
4(93 99 112 106)
4(105 106 112 111)
4(94 100 113 107)
4(106 107 113 112)
4(95 101 114 108)
4(107 108 114 113)
4(96 102 115 109)
4(108 109 115 114)
4(109 110 116 115)
4(97 103 116 110)
4(105 111 124 118)
3(117 118 124)
4(106 112 125 119)
4(118 119 125 124)
4(107 113 126 120)
4(119 120 126 125)
4(108 114 127 121)
4(120 121 127 126)
4(109 115 128 122)
4(121 122 128 127)
4(122 123 129 128)
4(110 116 129 123)
4(118 124 137 131)
3(130 131 137)
4(119 125 138 132)
4(131 132 138 137)
4(120 126 139 133)
4(132 133 139 138)
4(121 127 140 134)
4(133 134 140 139)
4(122 128 141 135)
4(134 135 141 140)
4(135 136 142 141)
4(123 129 142 136)
4(131 137 150 144)
3(143 144 150)
4(132 138 151 145)
4(144 145 151 150)
4(133 139 152 146)
4(145 146 152 151)
4(134 140 153 147)
4(146 147 153 152)
4(135 141 154 148)
4(147 148 154 153)
4(148 149 155 154)
4(136 142 155 149)
4(144 150 163 157)
3(156 157 163)
4(145 151 164 158)
4(157 158 164 163)
4(146 152 165 159)
4(158 159 165 164)
4(147 153 166 160)
4(159 160 166 165)
4(148 154 167 161)
4(160 161 167 166)
4(161 162 168 167)
4(149 155 168 162)
4(157 163 176 170)
3(169 170 176)
4(158 164 177 171)
4(170 171 177 176)
4(159 165 178 172)
4(171 172 178 177)
4(160 166 179 173)
4(172 173 179 178)
4(161 167 180 174)
4(173 174 180 179)
4(174 175 181 180)
4(162 168 181 175)
4(170 176 189 183)
3(182 183 189)
4(171 177 190 184)
4(183 184 190 189)
4(172 178 191 185)
4(184 185 191 190)
4(173 179 192 186)
4(185 186 192 191)
4(174 180 193 187)
4(186 187 193 192)
4(187 188 194 193)
4(175 181 194 188)
4(183 189 202 196)
3(195 196 202)
4(184 190 203 197)
4(196 197 203 202)
4(185 191 204 198)
4(197 198 204 203)
4(186 192 205 199)
4(198 199 205 204)
4(187 193 206 200)
4(199 200 206 205)
4(200 201 207 206)
4(188 194 207 201)
4(196 202 215 209)
3(208 209 215)
4(197 203 216 210)
4(209 210 216 215)
4(198 204 217 211)
4(210 211 217 216)
4(199 205 218 212)
4(211 212 218 217)
4(200 206 219 213)
4(212 213 219 218)
4(213 214 220 219)
4(201 207 220 214)
4(209 215 228 222)
3(221 222 228)
4(210 216 229 223)
4(222 223 229 228)
4(211 217 230 224)
4(223 224 230 229)
4(212 218 231 225)
4(224 225 231 230)
4(213 219 232 226)
4(225 226 232 231)
4(226 227 233 232)
4(214 220 233 227)
4(222 228 241 235)
3(234 235 241)
4(223 229 242 236)
4(235 236 242 241)
4(224 230 243 237)
4(236 237 243 242)
4(225 231 244 238)
4(237 238 244 243)
4(226 232 245 239)
4(238 239 245 244)
4(239 240 246 245)
4(227 233 246 240)
4(235 241 254 248)
3(247 248 254)
4(236 242 255 249)
4(248 249 255 254)
4(237 243 256 250)
4(249 250 256 255)
4(238 244 257 251)
4(250 251 257 256)
4(239 245 258 252)
4(251 252 258 257)
4(252 253 259 258)
4(240 246 259 253)
4(248 254 267 261)
3(260 261 267)
4(249 255 268 262)
4(261 262 268 267)
4(250 256 269 263)
4(262 263 269 268)
4(251 257 270 264)
4(263 264 270 269)
4(252 258 271 265)
4(264 265 271 270)
4(265 266 272 271)
4(253 259 272 266)
4(261 267 280 274)
3(273 274 280)
4(262 268 281 275)
4(274 275 281 280)
4(263 269 282 276)
4(275 276 282 281)
4(264 270 283 277)
4(276 277 283 282)
4(265 271 284 278)
4(277 278 284 283)
4(278 279 285 284)
4(266 272 285 279)
4(274 280 293 287)
3(286 287 293)
4(275 281 294 288)
4(287 288 294 293)
4(276 282 295 289)
4(288 289 295 294)
4(277 283 296 290)
4(289 290 296 295)
4(278 284 297 291)
4(290 291 297 296)
4(291 292 298 297)
4(279 285 298 292)
4(287 293 306 300)
3(299 300 306)
4(288 294 307 301)
4(300 301 307 306)
4(289 295 308 302)
4(301 302 308 307)
4(290 296 309 303)
4(302 303 309 308)
4(291 297 310 304)
4(303 304 310 309)
4(304 305 311 310)
4(292 298 311 305)
4(300 306 319 313)
3(312 313 319)
4(301 307 320 314)
4(313 314 320 319)
4(302 308 321 315)
4(314 315 321 320)
4(303 309 322 316)
4(315 316 322 321)
4(304 310 323 317)
4(316 317 323 322)
4(317 318 324 323)
4(305 311 324 318)
4(313 319 332 326)
3(325 326 332)
4(314 320 333 327)
4(326 327 333 332)
4(315 321 334 328)
4(327 328 334 333)
4(316 322 335 329)
4(328 329 335 334)
4(317 323 336 330)
4(329 330 336 335)
4(330 331 337 336)
4(318 324 337 331)
4(326 332 345 339)
3(338 339 345)
4(327 333 346 340)
4(339 340 346 345)
4(328 334 347 341)
4(340 341 347 346)
4(329 335 348 342)
4(341 342 348 347)
4(330 336 349 343)
4(342 343 349 348)
4(343 344 350 349)
4(331 337 350 344)
4(339 345 358 352)
3(351 352 358)
4(340 346 359 353)
4(352 353 359 358)
4(341 347 360 354)
4(353 354 360 359)
4(342 348 361 355)
4(354 355 361 360)
4(343 349 362 356)
4(355 356 362 361)
4(356 357 363 362)
4(344 350 363 357)
4(352 358 371 365)
3(364 365 371)
4(353 359 372 366)
4(365 366 372 371)
4(354 360 373 367)
4(366 367 373 372)
4(355 361 374 368)
4(367 368 374 373)
4(356 362 375 369)
4(368 369 375 374)
4(369 370 376 375)
4(357 363 376 370)
4(365 371 384 378)
3(377 378 384)
4(366 372 385 379)
4(378 379 385 384)
4(367 373 386 380)
4(379 380 386 385)
4(368 374 387 381)
4(380 381 387 386)
4(369 375 388 382)
4(381 382 388 387)
4(382 383 389 388)
4(370 376 389 383)
4(378 384 397 391)
3(390 391 397)
4(379 385 398 392)
4(391 392 398 397)
4(380 386 399 393)
4(392 393 399 398)
4(381 387 400 394)
4(393 394 400 399)
4(382 388 401 395)
4(394 395 401 400)
4(395 396 402 401)
4(383 389 402 396)
4(391 397 410 404)
3(403 404 410)
4(392 398 411 405)
4(404 405 411 410)
4(393 399 412 406)
4(405 406 412 411)
4(394 400 413 407)
4(406 407 413 412)
4(395 401 414 408)
4(407 408 414 413)
4(408 409 415 414)
4(396 402 415 409)
4(404 410 423 417)
3(416 417 423)
4(405 411 424 418)
4(417 418 424 423)
4(406 412 425 419)
4(418 419 425 424)
4(407 413 426 420)
4(419 420 426 425)
4(408 414 427 421)
4(420 421 427 426)
4(421 422 428 427)
4(409 415 428 422)
4(417 423 436 430)
3(429 430 436)
4(418 424 437 431)
4(430 431 437 436)
4(419 425 438 432)
4(431 432 438 437)
4(420 426 439 433)
4(432 433 439 438)
4(421 427 440 434)
4(433 434 440 439)
4(434 435 441 440)
4(422 428 441 435)
4(430 436 449 443)
3(442 443 449)
4(431 437 450 444)
4(443 444 450 449)
4(432 438 451 445)
4(444 445 451 450)
4(433 439 452 446)
4(445 446 452 451)
4(434 440 453 447)
4(446 447 453 452)
4(447 448 454 453)
4(435 441 454 448)
4(443 449 462 456)
3(455 456 462)
4(444 450 463 457)
4(456 457 463 462)
4(445 451 464 458)
4(457 458 464 463)
4(446 452 465 459)
4(458 459 465 464)
4(447 453 466 460)
4(459 460 466 465)
4(460 461 467 466)
4(448 454 467 461)
4(456 462 475 469)
3(468 469 475)
4(457 463 476 470)
4(469 470 476 475)
4(458 464 477 471)
4(470 471 477 476)
4(459 465 478 472)
4(471 472 478 477)
4(460 466 479 473)
4(472 473 479 478)
4(473 474 480 479)
4(461 467 480 474)
4(469 475 488 482)
3(481 482 488)
4(470 476 489 483)
4(482 483 489 488)
4(471 477 490 484)
4(483 484 490 489)
4(472 478 491 485)
4(484 485 491 490)
4(473 479 492 486)
4(485 486 492 491)
4(486 487 493 492)
4(474 480 493 487)
4(482 488 501 495)
3(494 495 501)
4(483 489 502 496)
4(495 496 502 501)
4(484 490 503 497)
4(496 497 503 502)
4(485 491 504 498)
4(497 498 504 503)
4(486 492 505 499)
4(498 499 505 504)
4(499 500 506 505)
4(487 493 506 500)
4(495 501 514 508)
3(507 508 514)
4(496 502 515 509)
4(508 509 515 514)
4(497 503 516 510)
4(509 510 516 515)
4(498 504 517 511)
4(510 511 517 516)
4(499 505 518 512)
4(511 512 518 517)
4(512 513 519 518)
4(500 506 519 513)
4(508 514 527 521)
4(509 515 528 522)
4(510 516 529 523)
4(511 517 530 524)
4(512 518 531 525)
4(513 519 532 526)
4(71 535 536 77)
4(533 534 536 535)
4(84 537 538 90)
4(535 536 538 537)
4(97 539 540 103)
4(537 538 540 539)
4(110 541 542 116)
4(539 540 542 541)
4(123 543 544 129)
4(541 542 544 543)
4(136 545 546 142)
4(543 544 546 545)
4(149 547 548 155)
4(545 546 548 547)
4(162 549 550 168)
4(547 548 550 549)
4(175 551 552 181)
4(549 550 552 551)
4(188 553 554 194)
4(551 552 554 553)
4(201 555 556 207)
4(553 554 556 555)
4(214 557 558 220)
4(555 556 558 557)
4(227 559 560 233)
4(557 558 560 559)
4(240 561 562 246)
4(559 560 562 561)
4(253 563 564 259)
4(561 562 564 563)
4(266 565 566 272)
4(563 564 566 565)
4(279 567 568 285)
4(565 566 568 567)
4(292 569 570 298)
4(567 568 570 569)
4(305 571 572 311)
4(569 570 572 571)
4(318 573 574 324)
4(571 572 574 573)
4(331 575 576 337)
4(573 574 576 575)
4(344 577 578 350)
4(575 576 578 577)
4(357 579 580 363)
4(577 578 580 579)
4(370 581 582 376)
4(579 580 582 581)
4(383 583 584 389)
4(581 582 584 583)
4(396 585 586 402)
4(583 584 586 585)
4(409 587 588 415)
4(585 586 588 587)
4(422 589 590 428)
4(587 588 590 589)
4(435 591 592 441)
4(589 590 592 591)
4(448 593 594 454)
4(591 592 594 593)
4(461 595 596 467)
4(593 594 596 595)
4(474 597 598 480)
4(595 596 598 597)
4(487 599 600 493)
4(597 598 600 599)
4(500 601 602 506)
4(599 600 602 601)
4(513 603 604 519)
4(601 602 604 603)
4(603 604 606 605)
4(608 629 671 650)
4(649 650 671 670)
4(609 630 672 651)
4(650 651 672 671)
4(610 631 673 652)
4(651 652 673 672)
4(611 632 674 653)
4(652 653 674 673)
4(612 633 675 654)
4(653 654 675 674)
4(613 634 676 655)
4(654 655 676 675)
4(614 635 677 656)
4(655 656 677 676)
4(615 636 678 657)
4(656 657 678 677)
4(616 637 679 658)
4(657 658 679 678)
4(617 638 680 659)
4(658 659 680 679)
4(618 639 681 660)
4(659 660 681 680)
4(619 640 682 661)
4(660 661 682 681)
4(620 641 683 662)
4(661 662 683 682)
4(621 642 684 663)
4(662 663 684 683)
4(622 643 685 664)
4(663 664 685 684)
4(623 644 686 665)
4(664 665 686 685)
4(624 645 687 666)
4(665 666 687 686)
4(625 646 688 667)
4(666 667 688 687)
4(626 647 689 668)
4(667 668 689 688)
4(668 669 690 689)
4(650 671 713 692)
4(691 692 713 712)
4(651 672 714 693)
4(692 693 714 713)
4(652 673 715 694)
4(693 694 715 714)
4(653 674 716 695)
4(694 695 716 715)
4(654 675 717 696)
4(695 696 717 716)
4(655 676 718 697)
4(696 697 718 717)
4(656 677 719 698)
4(697 698 719 718)
4(657 678 720 699)
4(698 699 720 719)
4(658 679 721 700)
4(699 700 721 720)
4(659 680 722 701)
4(700 701 722 721)
4(660 681 723 702)
4(701 702 723 722)
4(661 682 724 703)
4(702 703 724 723)
4(662 683 725 704)
4(703 704 725 724)
4(663 684 726 705)
4(704 705 726 725)
4(664 685 727 706)
4(705 706 727 726)
4(665 686 728 707)
4(706 707 728 727)
4(666 687 729 708)
4(707 708 729 728)
4(667 688 730 709)
4(708 709 730 729)
4(668 689 731 710)
4(709 710 731 730)
4(710 711 732 731)
4(692 713 755 734)
4(733 734 755 754)
4(693 714 756 735)
4(734 735 756 755)
4(694 715 757 736)
4(735 736 757 756)
4(695 716 758 737)
4(736 737 758 757)
4(696 717 759 738)
4(737 738 759 758)
4(697 718 760 739)
4(738 739 760 759)
4(698 719 761 740)
4(739 740 761 760)
4(699 720 762 741)
4(740 741 762 761)
4(700 721 763 742)
4(741 742 763 762)
4(701 722 764 743)
4(742 743 764 763)
4(702 723 765 744)
4(743 744 765 764)
4(703 724 766 745)
4(744 745 766 765)
4(704 725 767 746)
4(745 746 767 766)
4(705 726 768 747)
4(746 747 768 767)
4(706 727 769 748)
4(747 748 769 768)
4(707 728 770 749)
4(748 749 770 769)
4(708 729 771 750)
4(749 750 771 770)
4(709 730 772 751)
4(750 751 772 771)
4(710 731 773 752)
4(751 752 773 772)
4(752 753 774 773)
4(734 755 795 775)
4(533 775 795 534)
4(735 756 796 776)
4(775 776 796 795)
4(736 757 797 777)
4(776 777 797 796)
4(737 758 798 778)
4(777 778 798 797)
4(738 759 799 779)
4(778 779 799 798)
4(739 760 800 780)
4(779 780 800 799)
4(740 761 801 781)
4(780 781 801 800)
4(741 762 802 782)
4(781 782 802 801)
4(742 763 803 783)
4(782 783 803 802)
4(743 764 804 784)
4(783 784 804 803)
4(744 765 805 785)
4(784 785 805 804)
4(745 766 806 786)
4(785 786 806 805)
4(746 767 807 787)
4(786 787 807 806)
4(747 768 808 788)
4(787 788 808 807)
4(748 769 809 789)
4(788 789 809 808)
4(749 770 810 790)
4(789 790 810 809)
4(750 771 811 791)
4(790 791 811 810)
4(751 772 812 792)
4(791 792 812 811)
4(752 773 813 793)
4(792 793 813 812)
4(793 794 814 813)
4(775 795 835 815)
4(535 815 835 536)
4(776 796 836 816)
4(815 816 836 835)
4(777 797 837 817)
4(816 817 837 836)
4(778 798 838 818)
4(817 818 838 837)
4(779 799 839 819)
4(818 819 839 838)
4(780 800 840 820)
4(819 820 840 839)
4(781 801 841 821)
4(820 821 841 840)
4(782 802 842 822)
4(821 822 842 841)
4(783 803 843 823)
4(822 823 843 842)
4(784 804 844 824)
4(823 824 844 843)
4(785 805 845 825)
4(824 825 845 844)
4(786 806 846 826)
4(825 826 846 845)
4(787 807 847 827)
4(826 827 847 846)
4(788 808 848 828)
4(827 828 848 847)
4(789 809 849 829)
4(828 829 849 848)
4(790 810 850 830)
4(829 830 850 849)
4(791 811 851 831)
4(830 831 851 850)
4(792 812 852 832)
4(831 832 852 851)
4(793 813 853 833)
4(832 833 853 852)
4(833 834 854 853)
4(794 814 854 834)
4(815 835 875 855)
4(537 855 875 538)
4(816 836 876 856)
4(855 856 876 875)
4(817 837 877 857)
4(856 857 877 876)
4(818 838 878 858)
4(857 858 878 877)
4(819 839 879 859)
4(858 859 879 878)
4(820 840 880 860)
4(859 860 880 879)
4(821 841 881 861)
4(860 861 881 880)
4(822 842 882 862)
4(861 862 882 881)
4(823 843 883 863)
4(862 863 883 882)
4(824 844 884 864)
4(863 864 884 883)
4(825 845 885 865)
4(864 865 885 884)
4(826 846 886 866)
4(865 866 886 885)
4(827 847 887 867)
4(866 867 887 886)
4(828 848 888 868)
4(867 868 888 887)
4(829 849 889 869)
4(868 869 889 888)
4(830 850 890 870)
4(869 870 890 889)
4(831 851 891 871)
4(870 871 891 890)
4(832 852 892 872)
4(871 872 892 891)
4(833 853 893 873)
4(872 873 893 892)
4(873 874 894 893)
4(834 854 894 874)
4(855 875 915 895)
4(539 895 915 540)
4(856 876 916 896)
4(895 896 916 915)
4(857 877 917 897)
4(896 897 917 916)
4(858 878 918 898)
4(897 898 918 917)
4(859 879 919 899)
4(898 899 919 918)
4(860 880 920 900)
4(899 900 920 919)
4(861 881 921 901)
4(900 901 921 920)
4(862 882 922 902)
4(901 902 922 921)
4(863 883 923 903)
4(902 903 923 922)
4(864 884 924 904)
4(903 904 924 923)
4(865 885 925 905)
4(904 905 925 924)
4(866 886 926 906)
4(905 906 926 925)
4(867 887 927 907)
4(906 907 927 926)
4(868 888 928 908)
4(907 908 928 927)
4(869 889 929 909)
4(908 909 929 928)
4(870 890 930 910)
4(909 910 930 929)
4(871 891 931 911)
4(910 911 931 930)
4(872 892 932 912)
4(911 912 932 931)
4(873 893 933 913)
4(912 913 933 932)
4(913 914 934 933)
4(874 894 934 914)
4(895 915 955 935)
4(541 935 955 542)
4(896 916 956 936)
4(935 936 956 955)
4(897 917 957 937)
4(936 937 957 956)
4(898 918 958 938)
4(937 938 958 957)
4(899 919 959 939)
4(938 939 959 958)
4(900 920 960 940)
4(939 940 960 959)
4(901 921 961 941)
4(940 941 961 960)
4(902 922 962 942)
4(941 942 962 961)
4(903 923 963 943)
4(942 943 963 962)
4(904 924 964 944)
4(943 944 964 963)
4(905 925 965 945)
4(944 945 965 964)
4(906 926 966 946)
4(945 946 966 965)
4(907 927 967 947)
4(946 947 967 966)
4(908 928 968 948)
4(947 948 968 967)
4(909 929 969 949)
4(948 949 969 968)
4(910 930 970 950)
4(949 950 970 969)
4(911 931 971 951)
4(950 951 971 970)
4(912 932 972 952)
4(951 952 972 971)
4(913 933 973 953)
4(952 953 973 972)
4(953 954 974 973)
4(914 934 974 954)
4(935 955 995 975)
4(543 975 995 544)
4(936 956 996 976)
4(975 976 996 995)
4(937 957 997 977)
4(976 977 997 996)
4(938 958 998 978)
4(977 978 998 997)
4(939 959 999 979)
4(978 979 999 998)
4(940 960 1000 980)
4(979 980 1000 999)
4(941 961 1001 981)
4(980 981 1001 1000)
4(942 962 1002 982)
4(981 982 1002 1001)
4(943 963 1003 983)
4(982 983 1003 1002)
4(944 964 1004 984)
4(983 984 1004 1003)
4(945 965 1005 985)
4(984 985 1005 1004)
4(946 966 1006 986)
4(985 986 1006 1005)
4(947 967 1007 987)
4(986 987 1007 1006)
4(948 968 1008 988)
4(987 988 1008 1007)
4(949 969 1009 989)
4(988 989 1009 1008)
4(950 970 1010 990)
4(989 990 1010 1009)
4(951 971 1011 991)
4(990 991 1011 1010)
4(952 972 1012 992)
4(991 992 1012 1011)
4(953 973 1013 993)
4(992 993 1013 1012)
4(993 994 1014 1013)
4(954 974 1014 994)
4(975 995 1035 1015)
4(545 1015 1035 546)
4(976 996 1036 1016)
4(1015 1016 1036 1035)
4(977 997 1037 1017)
4(1016 1017 1037 1036)
4(978 998 1038 1018)
4(1017 1018 1038 1037)
4(979 999 1039 1019)
4(1018 1019 1039 1038)
4(980 1000 1040 1020)
4(1019 1020 1040 1039)
4(981 1001 1041 1021)
4(1020 1021 1041 1040)
4(982 1002 1042 1022)
4(1021 1022 1042 1041)
4(983 1003 1043 1023)
4(1022 1023 1043 1042)
4(984 1004 1044 1024)
4(1023 1024 1044 1043)
4(985 1005 1045 1025)
4(1024 1025 1045 1044)
4(986 1006 1046 1026)
4(1025 1026 1046 1045)
4(987 1007 1047 1027)
4(1026 1027 1047 1046)
4(988 1008 1048 1028)
4(1027 1028 1048 1047)
4(989 1009 1049 1029)
4(1028 1029 1049 1048)
4(990 1010 1050 1030)
4(1029 1030 1050 1049)
4(991 1011 1051 1031)
4(1030 1031 1051 1050)
4(992 1012 1052 1032)
4(1031 1032 1052 1051)
4(993 1013 1053 1033)
4(1032 1033 1053 1052)
4(1033 1034 1054 1053)
4(994 1014 1054 1034)
4(1015 1035 1075 1055)
4(547 1055 1075 548)
4(1016 1036 1076 1056)
4(1055 1056 1076 1075)
4(1017 1037 1077 1057)
4(1056 1057 1077 1076)
4(1018 1038 1078 1058)
4(1057 1058 1078 1077)
4(1019 1039 1079 1059)
4(1058 1059 1079 1078)
4(1020 1040 1080 1060)
4(1059 1060 1080 1079)
4(1021 1041 1081 1061)
4(1060 1061 1081 1080)
4(1022 1042 1082 1062)
4(1061 1062 1082 1081)
4(1023 1043 1083 1063)
4(1062 1063 1083 1082)
4(1024 1044 1084 1064)
4(1063 1064 1084 1083)
4(1025 1045 1085 1065)
4(1064 1065 1085 1084)
4(1026 1046 1086 1066)
4(1065 1066 1086 1085)
4(1027 1047 1087 1067)
4(1066 1067 1087 1086)
4(1028 1048 1088 1068)
4(1067 1068 1088 1087)
4(1029 1049 1089 1069)
4(1068 1069 1089 1088)
4(1030 1050 1090 1070)
4(1069 1070 1090 1089)
4(1031 1051 1091 1071)
4(1070 1071 1091 1090)
4(1032 1052 1092 1072)
4(1071 1072 1092 1091)
4(1033 1053 1093 1073)
4(1072 1073 1093 1092)
4(1073 1074 1094 1093)
4(1034 1054 1094 1074)
4(1055 1075 1115 1095)
4(549 1095 1115 550)
4(1056 1076 1116 1096)
4(1095 1096 1116 1115)
4(1057 1077 1117 1097)
4(1096 1097 1117 1116)
4(1058 1078 1118 1098)
4(1097 1098 1118 1117)
4(1059 1079 1119 1099)
4(1098 1099 1119 1118)
4(1060 1080 1120 1100)
4(1099 1100 1120 1119)
4(1061 1081 1121 1101)
4(1100 1101 1121 1120)
4(1062 1082 1122 1102)
4(1101 1102 1122 1121)
4(1063 1083 1123 1103)
4(1102 1103 1123 1122)
4(1064 1084 1124 1104)
4(1103 1104 1124 1123)
4(1065 1085 1125 1105)
4(1104 1105 1125 1124)
4(1066 1086 1126 1106)
4(1105 1106 1126 1125)
4(1067 1087 1127 1107)
4(1106 1107 1127 1126)
4(1068 1088 1128 1108)
4(1107 1108 1128 1127)
4(1069 1089 1129 1109)
4(1108 1109 1129 1128)
4(1070 1090 1130 1110)
4(1109 1110 1130 1129)
4(1071 1091 1131 1111)
4(1110 1111 1131 1130)
4(1072 1092 1132 1112)
4(1111 1112 1132 1131)
4(1073 1093 1133 1113)
4(1112 1113 1133 1132)
4(1113 1114 1134 1133)
4(1074 1094 1134 1114)
4(1095 1115 1155 1135)
4(551 1135 1155 552)
4(1096 1116 1156 1136)
4(1135 1136 1156 1155)
4(1097 1117 1157 1137)
4(1136 1137 1157 1156)
4(1098 1118 1158 1138)
4(1137 1138 1158 1157)
4(1099 1119 1159 1139)
4(1138 1139 1159 1158)
4(1100 1120 1160 1140)
4(1139 1140 1160 1159)
4(1101 1121 1161 1141)
4(1140 1141 1161 1160)
4(1102 1122 1162 1142)
4(1141 1142 1162 1161)
4(1103 1123 1163 1143)
4(1142 1143 1163 1162)
4(1104 1124 1164 1144)
4(1143 1144 1164 1163)
4(1105 1125 1165 1145)
4(1144 1145 1165 1164)
4(1106 1126 1166 1146)
4(1145 1146 1166 1165)
4(1107 1127 1167 1147)
4(1146 1147 1167 1166)
4(1108 1128 1168 1148)
4(1147 1148 1168 1167)
4(1109 1129 1169 1149)
4(1148 1149 1169 1168)
4(1110 1130 1170 1150)
4(1149 1150 1170 1169)
4(1111 1131 1171 1151)
4(1150 1151 1171 1170)
4(1112 1132 1172 1152)
4(1151 1152 1172 1171)
4(1113 1133 1173 1153)
4(1152 1153 1173 1172)
4(1153 1154 1174 1173)
4(1114 1134 1174 1154)
4(1135 1155 1195 1175)
4(553 1175 1195 554)
4(1136 1156 1196 1176)
4(1175 1176 1196 1195)
4(1137 1157 1197 1177)
4(1176 1177 1197 1196)
4(1138 1158 1198 1178)
4(1177 1178 1198 1197)
4(1139 1159 1199 1179)
4(1178 1179 1199 1198)
4(1140 1160 1200 1180)
4(1179 1180 1200 1199)
4(1141 1161 1201 1181)
4(1180 1181 1201 1200)
4(1142 1162 1202 1182)
4(1181 1182 1202 1201)
4(1143 1163 1203 1183)
4(1182 1183 1203 1202)
4(1144 1164 1204 1184)
4(1183 1184 1204 1203)
4(1145 1165 1205 1185)
4(1184 1185 1205 1204)
4(1146 1166 1206 1186)
4(1185 1186 1206 1205)
4(1147 1167 1207 1187)
4(1186 1187 1207 1206)
4(1148 1168 1208 1188)
4(1187 1188 1208 1207)
4(1149 1169 1209 1189)
4(1188 1189 1209 1208)
4(1150 1170 1210 1190)
4(1189 1190 1210 1209)
4(1151 1171 1211 1191)
4(1190 1191 1211 1210)
4(1152 1172 1212 1192)
4(1191 1192 1212 1211)
4(1153 1173 1213 1193)
4(1192 1193 1213 1212)
4(1193 1194 1214 1213)
4(1154 1174 1214 1194)
4(1175 1195 1235 1215)
4(555 1215 1235 556)
4(1176 1196 1236 1216)
4(1215 1216 1236 1235)
4(1177 1197 1237 1217)
4(1216 1217 1237 1236)
4(1178 1198 1238 1218)
4(1217 1218 1238 1237)
4(1179 1199 1239 1219)
4(1218 1219 1239 1238)
4(1180 1200 1240 1220)
4(1219 1220 1240 1239)
4(1181 1201 1241 1221)
4(1220 1221 1241 1240)
4(1182 1202 1242 1222)
4(1221 1222 1242 1241)
4(1183 1203 1243 1223)
4(1222 1223 1243 1242)
4(1184 1204 1244 1224)
4(1223 1224 1244 1243)
4(1185 1205 1245 1225)
4(1224 1225 1245 1244)
4(1186 1206 1246 1226)
4(1225 1226 1246 1245)
4(1187 1207 1247 1227)
4(1226 1227 1247 1246)
4(1188 1208 1248 1228)
4(1227 1228 1248 1247)
4(1189 1209 1249 1229)
4(1228 1229 1249 1248)
4(1190 1210 1250 1230)
4(1229 1230 1250 1249)
4(1191 1211 1251 1231)
4(1230 1231 1251 1250)
4(1192 1212 1252 1232)
4(1231 1232 1252 1251)
4(1193 1213 1253 1233)
4(1232 1233 1253 1252)
4(1233 1234 1254 1253)
4(1194 1214 1254 1234)
4(1215 1235 1275 1255)
4(557 1255 1275 558)
4(1216 1236 1276 1256)
4(1255 1256 1276 1275)
4(1217 1237 1277 1257)
4(1256 1257 1277 1276)
4(1218 1238 1278 1258)
4(1257 1258 1278 1277)
4(1219 1239 1279 1259)
4(1258 1259 1279 1278)
4(1220 1240 1280 1260)
4(1259 1260 1280 1279)
4(1221 1241 1281 1261)
4(1260 1261 1281 1280)
4(1222 1242 1282 1262)
4(1261 1262 1282 1281)
4(1223 1243 1283 1263)
4(1262 1263 1283 1282)
4(1224 1244 1284 1264)
4(1263 1264 1284 1283)
4(1225 1245 1285 1265)
4(1264 1265 1285 1284)
4(1226 1246 1286 1266)
4(1265 1266 1286 1285)
4(1227 1247 1287 1267)
4(1266 1267 1287 1286)
4(1228 1248 1288 1268)
4(1267 1268 1288 1287)
4(1229 1249 1289 1269)
4(1268 1269 1289 1288)
4(1230 1250 1290 1270)
4(1269 1270 1290 1289)
4(1231 1251 1291 1271)
4(1270 1271 1291 1290)
4(1232 1252 1292 1272)
4(1271 1272 1292 1291)
4(1233 1253 1293 1273)
4(1272 1273 1293 1292)
4(1273 1274 1294 1293)
4(1234 1254 1294 1274)
4(1255 1275 1315 1295)
4(559 1295 1315 560)
4(1256 1276 1316 1296)
4(1295 1296 1316 1315)
4(1257 1277 1317 1297)
4(1296 1297 1317 1316)
4(1258 1278 1318 1298)
4(1297 1298 1318 1317)
4(1259 1279 1319 1299)
4(1298 1299 1319 1318)
4(1260 1280 1320 1300)
4(1299 1300 1320 1319)
4(1261 1281 1321 1301)
4(1300 1301 1321 1320)
4(1262 1282 1322 1302)
4(1301 1302 1322 1321)
4(1263 1283 1323 1303)
4(1302 1303 1323 1322)
4(1264 1284 1324 1304)
4(1303 1304 1324 1323)
4(1265 1285 1325 1305)
4(1304 1305 1325 1324)
4(1266 1286 1326 1306)
4(1305 1306 1326 1325)
4(1267 1287 1327 1307)
4(1306 1307 1327 1326)
4(1268 1288 1328 1308)
4(1307 1308 1328 1327)
4(1269 1289 1329 1309)
4(1308 1309 1329 1328)
4(1270 1290 1330 1310)
4(1309 1310 1330 1329)
4(1271 1291 1331 1311)
4(1310 1311 1331 1330)
4(1272 1292 1332 1312)
4(1311 1312 1332 1331)
4(1273 1293 1333 1313)
4(1312 1313 1333 1332)
4(1313 1314 1334 1333)
4(1274 1294 1334 1314)
4(1295 1315 1355 1335)
4(561 1335 1355 562)
4(1296 1316 1356 1336)
4(1335 1336 1356 1355)
4(1297 1317 1357 1337)
4(1336 1337 1357 1356)
4(1298 1318 1358 1338)
4(1337 1338 1358 1357)
4(1299 1319 1359 1339)
4(1338 1339 1359 1358)
4(1300 1320 1360 1340)
4(1339 1340 1360 1359)
4(1301 1321 1361 1341)
4(1340 1341 1361 1360)
4(1302 1322 1362 1342)
4(1341 1342 1362 1361)
4(1303 1323 1363 1343)
4(1342 1343 1363 1362)
4(1304 1324 1364 1344)
4(1343 1344 1364 1363)
4(1305 1325 1365 1345)
4(1344 1345 1365 1364)
4(1306 1326 1366 1346)
4(1345 1346 1366 1365)
4(1307 1327 1367 1347)
4(1346 1347 1367 1366)
4(1308 1328 1368 1348)
4(1347 1348 1368 1367)
4(1309 1329 1369 1349)
4(1348 1349 1369 1368)
4(1310 1330 1370 1350)
4(1349 1350 1370 1369)
4(1311 1331 1371 1351)
4(1350 1351 1371 1370)
4(1312 1332 1372 1352)
4(1351 1352 1372 1371)
4(1313 1333 1373 1353)
4(1352 1353 1373 1372)
4(1353 1354 1374 1373)
4(1314 1334 1374 1354)
4(1335 1355 1395 1375)
4(563 1375 1395 564)
4(1336 1356 1396 1376)
4(1375 1376 1396 1395)
4(1337 1357 1397 1377)
4(1376 1377 1397 1396)
4(1338 1358 1398 1378)
4(1377 1378 1398 1397)
4(1339 1359 1399 1379)
4(1378 1379 1399 1398)
4(1340 1360 1400 1380)
4(1379 1380 1400 1399)
4(1341 1361 1401 1381)
4(1380 1381 1401 1400)
4(1342 1362 1402 1382)
4(1381 1382 1402 1401)
4(1343 1363 1403 1383)
4(1382 1383 1403 1402)
4(1344 1364 1404 1384)
4(1383 1384 1404 1403)
4(1345 1365 1405 1385)
4(1384 1385 1405 1404)
4(1346 1366 1406 1386)
4(1385 1386 1406 1405)
4(1347 1367 1407 1387)
4(1386 1387 1407 1406)
4(1348 1368 1408 1388)
4(1387 1388 1408 1407)
4(1349 1369 1409 1389)
4(1388 1389 1409 1408)
4(1350 1370 1410 1390)
4(1389 1390 1410 1409)
4(1351 1371 1411 1391)
4(1390 1391 1411 1410)
4(1352 1372 1412 1392)
4(1391 1392 1412 1411)
4(1353 1373 1413 1393)
4(1392 1393 1413 1412)
4(1393 1394 1414 1413)
4(1354 1374 1414 1394)
4(1375 1395 1435 1415)
4(565 1415 1435 566)
4(1376 1396 1436 1416)
4(1415 1416 1436 1435)
4(1377 1397 1437 1417)
4(1416 1417 1437 1436)
4(1378 1398 1438 1418)
4(1417 1418 1438 1437)
4(1379 1399 1439 1419)
4(1418 1419 1439 1438)
4(1380 1400 1440 1420)
4(1419 1420 1440 1439)
4(1381 1401 1441 1421)
4(1420 1421 1441 1440)
4(1382 1402 1442 1422)
4(1421 1422 1442 1441)
4(1383 1403 1443 1423)
4(1422 1423 1443 1442)
4(1384 1404 1444 1424)
4(1423 1424 1444 1443)
4(1385 1405 1445 1425)
4(1424 1425 1445 1444)
4(1386 1406 1446 1426)
4(1425 1426 1446 1445)
4(1387 1407 1447 1427)
4(1426 1427 1447 1446)
4(1388 1408 1448 1428)
4(1427 1428 1448 1447)
4(1389 1409 1449 1429)
4(1428 1429 1449 1448)
4(1390 1410 1450 1430)
4(1429 1430 1450 1449)
4(1391 1411 1451 1431)
4(1430 1431 1451 1450)
4(1392 1412 1452 1432)
4(1431 1432 1452 1451)
4(1393 1413 1453 1433)
4(1432 1433 1453 1452)
4(1433 1434 1454 1453)
4(1394 1414 1454 1434)
4(1415 1435 1475 1455)
4(567 1455 1475 568)
4(1416 1436 1476 1456)
4(1455 1456 1476 1475)
4(1417 1437 1477 1457)
4(1456 1457 1477 1476)
4(1418 1438 1478 1458)
4(1457 1458 1478 1477)
4(1419 1439 1479 1459)
4(1458 1459 1479 1478)
4(1420 1440 1480 1460)
4(1459 1460 1480 1479)
4(1421 1441 1481 1461)
4(1460 1461 1481 1480)
4(1422 1442 1482 1462)
4(1461 1462 1482 1481)
4(1423 1443 1483 1463)
4(1462 1463 1483 1482)
4(1424 1444 1484 1464)
4(1463 1464 1484 1483)
4(1425 1445 1485 1465)
4(1464 1465 1485 1484)
4(1426 1446 1486 1466)
4(1465 1466 1486 1485)
4(1427 1447 1487 1467)
4(1466 1467 1487 1486)
4(1428 1448 1488 1468)
4(1467 1468 1488 1487)
4(1429 1449 1489 1469)
4(1468 1469 1489 1488)
4(1430 1450 1490 1470)
4(1469 1470 1490 1489)
4(1431 1451 1491 1471)
4(1470 1471 1491 1490)
4(1432 1452 1492 1472)
4(1471 1472 1492 1491)
4(1433 1453 1493 1473)
4(1472 1473 1493 1492)
4(1473 1474 1494 1493)
4(1434 1454 1494 1474)
4(1455 1475 1515 1495)
4(569 1495 1515 570)
4(1456 1476 1516 1496)
4(1495 1496 1516 1515)
4(1457 1477 1517 1497)
4(1496 1497 1517 1516)
4(1458 1478 1518 1498)
4(1497 1498 1518 1517)
4(1459 1479 1519 1499)
4(1498 1499 1519 1518)
4(1460 1480 1520 1500)
4(1499 1500 1520 1519)
4(1461 1481 1521 1501)
4(1500 1501 1521 1520)
4(1462 1482 1522 1502)
4(1501 1502 1522 1521)
4(1463 1483 1523 1503)
4(1502 1503 1523 1522)
4(1464 1484 1524 1504)
4(1503 1504 1524 1523)
4(1465 1485 1525 1505)
4(1504 1505 1525 1524)
4(1466 1486 1526 1506)
4(1505 1506 1526 1525)
4(1467 1487 1527 1507)
4(1506 1507 1527 1526)
4(1468 1488 1528 1508)
4(1507 1508 1528 1527)
4(1469 1489 1529 1509)
4(1508 1509 1529 1528)
4(1470 1490 1530 1510)
4(1509 1510 1530 1529)
4(1471 1491 1531 1511)
4(1510 1511 1531 1530)
4(1472 1492 1532 1512)
4(1511 1512 1532 1531)
4(1473 1493 1533 1513)
4(1512 1513 1533 1532)
4(1513 1514 1534 1533)
4(1474 1494 1534 1514)
4(1495 1515 1555 1535)
4(571 1535 1555 572)
4(1496 1516 1556 1536)
4(1535 1536 1556 1555)
4(1497 1517 1557 1537)
4(1536 1537 1557 1556)
4(1498 1518 1558 1538)
4(1537 1538 1558 1557)
4(1499 1519 1559 1539)
4(1538 1539 1559 1558)
4(1500 1520 1560 1540)
4(1539 1540 1560 1559)
4(1501 1521 1561 1541)
4(1540 1541 1561 1560)
4(1502 1522 1562 1542)
4(1541 1542 1562 1561)
4(1503 1523 1563 1543)
4(1542 1543 1563 1562)
4(1504 1524 1564 1544)
4(1543 1544 1564 1563)
4(1505 1525 1565 1545)
4(1544 1545 1565 1564)
4(1506 1526 1566 1546)
4(1545 1546 1566 1565)
4(1507 1527 1567 1547)
4(1546 1547 1567 1566)
4(1508 1528 1568 1548)
4(1547 1548 1568 1567)
4(1509 1529 1569 1549)
4(1548 1549 1569 1568)
4(1510 1530 1570 1550)
4(1549 1550 1570 1569)
4(1511 1531 1571 1551)
4(1550 1551 1571 1570)
4(1512 1532 1572 1552)
4(1551 1552 1572 1571)
4(1513 1533 1573 1553)
4(1552 1553 1573 1572)
4(1553 1554 1574 1573)
4(1514 1534 1574 1554)
4(1535 1555 1595 1575)
4(573 1575 1595 574)
4(1536 1556 1596 1576)
4(1575 1576 1596 1595)
4(1537 1557 1597 1577)
4(1576 1577 1597 1596)
4(1538 1558 1598 1578)
4(1577 1578 1598 1597)
4(1539 1559 1599 1579)
4(1578 1579 1599 1598)
4(1540 1560 1600 1580)
4(1579 1580 1600 1599)
4(1541 1561 1601 1581)
4(1580 1581 1601 1600)
4(1542 1562 1602 1582)
4(1581 1582 1602 1601)
4(1543 1563 1603 1583)
4(1582 1583 1603 1602)
4(1544 1564 1604 1584)
4(1583 1584 1604 1603)
4(1545 1565 1605 1585)
4(1584 1585 1605 1604)
4(1546 1566 1606 1586)
4(1585 1586 1606 1605)
4(1547 1567 1607 1587)
4(1586 1587 1607 1606)
4(1548 1568 1608 1588)
4(1587 1588 1608 1607)
4(1549 1569 1609 1589)
4(1588 1589 1609 1608)
4(1550 1570 1610 1590)
4(1589 1590 1610 1609)
4(1551 1571 1611 1591)
4(1590 1591 1611 1610)
4(1552 1572 1612 1592)
4(1591 1592 1612 1611)
4(1553 1573 1613 1593)
4(1592 1593 1613 1612)
4(1593 1594 1614 1613)
4(1554 1574 1614 1594)
4(1575 1595 1635 1615)
4(575 1615 1635 576)
4(1576 1596 1636 1616)
4(1615 1616 1636 1635)
4(1577 1597 1637 1617)
4(1616 1617 1637 1636)
4(1578 1598 1638 1618)
4(1617 1618 1638 1637)
4(1579 1599 1639 1619)
4(1618 1619 1639 1638)
4(1580 1600 1640 1620)
4(1619 1620 1640 1639)
4(1581 1601 1641 1621)
4(1620 1621 1641 1640)
4(1582 1602 1642 1622)
4(1621 1622 1642 1641)
4(1583 1603 1643 1623)
4(1622 1623 1643 1642)
4(1584 1604 1644 1624)
4(1623 1624 1644 1643)
4(1585 1605 1645 1625)
4(1624 1625 1645 1644)
4(1586 1606 1646 1626)
4(1625 1626 1646 1645)
4(1587 1607 1647 1627)
4(1626 1627 1647 1646)
4(1588 1608 1648 1628)
4(1627 1628 1648 1647)
4(1589 1609 1649 1629)
4(1628 1629 1649 1648)
4(1590 1610 1650 1630)
4(1629 1630 1650 1649)
4(1591 1611 1651 1631)
4(1630 1631 1651 1650)
4(1592 1612 1652 1632)
4(1631 1632 1652 1651)
4(1593 1613 1653 1633)
4(1632 1633 1653 1652)
4(1633 1634 1654 1653)
4(1594 1614 1654 1634)
4(1615 1635 1675 1655)
4(577 1655 1675 578)
4(1616 1636 1676 1656)
4(1655 1656 1676 1675)
4(1617 1637 1677 1657)
4(1656 1657 1677 1676)
4(1618 1638 1678 1658)
4(1657 1658 1678 1677)
4(1619 1639 1679 1659)
4(1658 1659 1679 1678)
4(1620 1640 1680 1660)
4(1659 1660 1680 1679)
4(1621 1641 1681 1661)
4(1660 1661 1681 1680)
4(1622 1642 1682 1662)
4(1661 1662 1682 1681)
4(1623 1643 1683 1663)
4(1662 1663 1683 1682)
4(1624 1644 1684 1664)
4(1663 1664 1684 1683)
4(1625 1645 1685 1665)
4(1664 1665 1685 1684)
4(1626 1646 1686 1666)
4(1665 1666 1686 1685)
4(1627 1647 1687 1667)
4(1666 1667 1687 1686)
4(1628 1648 1688 1668)
4(1667 1668 1688 1687)
4(1629 1649 1689 1669)
4(1668 1669 1689 1688)
4(1630 1650 1690 1670)
4(1669 1670 1690 1689)
4(1631 1651 1691 1671)
4(1670 1671 1691 1690)
4(1632 1652 1692 1672)
4(1671 1672 1692 1691)
4(1633 1653 1693 1673)
4(1672 1673 1693 1692)
4(1673 1674 1694 1693)
4(1634 1654 1694 1674)
4(1655 1675 1715 1695)
4(579 1695 1715 580)
4(1656 1676 1716 1696)
4(1695 1696 1716 1715)
4(1657 1677 1717 1697)
4(1696 1697 1717 1716)
4(1658 1678 1718 1698)
4(1697 1698 1718 1717)
4(1659 1679 1719 1699)
4(1698 1699 1719 1718)
4(1660 1680 1720 1700)
4(1699 1700 1720 1719)
4(1661 1681 1721 1701)
4(1700 1701 1721 1720)
4(1662 1682 1722 1702)
4(1701 1702 1722 1721)
4(1663 1683 1723 1703)
4(1702 1703 1723 1722)
4(1664 1684 1724 1704)
4(1703 1704 1724 1723)
4(1665 1685 1725 1705)
4(1704 1705 1725 1724)
4(1666 1686 1726 1706)
4(1705 1706 1726 1725)
4(1667 1687 1727 1707)
4(1706 1707 1727 1726)
4(1668 1688 1728 1708)
4(1707 1708 1728 1727)
4(1669 1689 1729 1709)
4(1708 1709 1729 1728)
4(1670 1690 1730 1710)
4(1709 1710 1730 1729)
4(1671 1691 1731 1711)
4(1710 1711 1731 1730)
4(1672 1692 1732 1712)
4(1711 1712 1732 1731)
4(1673 1693 1733 1713)
4(1712 1713 1733 1732)
4(1713 1714 1734 1733)
4(1674 1694 1734 1714)
4(1695 1715 1755 1735)
4(581 1735 1755 582)
4(1696 1716 1756 1736)
4(1735 1736 1756 1755)
4(1697 1717 1757 1737)
4(1736 1737 1757 1756)
4(1698 1718 1758 1738)
4(1737 1738 1758 1757)
4(1699 1719 1759 1739)
4(1738 1739 1759 1758)
4(1700 1720 1760 1740)
4(1739 1740 1760 1759)
4(1701 1721 1761 1741)
4(1740 1741 1761 1760)
4(1702 1722 1762 1742)
4(1741 1742 1762 1761)
4(1703 1723 1763 1743)
4(1742 1743 1763 1762)
4(1704 1724 1764 1744)
4(1743 1744 1764 1763)
4(1705 1725 1765 1745)
4(1744 1745 1765 1764)
4(1706 1726 1766 1746)
4(1745 1746 1766 1765)
4(1707 1727 1767 1747)
4(1746 1747 1767 1766)
4(1708 1728 1768 1748)
4(1747 1748 1768 1767)
4(1709 1729 1769 1749)
4(1748 1749 1769 1768)
4(1710 1730 1770 1750)
4(1749 1750 1770 1769)
4(1711 1731 1771 1751)
4(1750 1751 1771 1770)
4(1712 1732 1772 1752)
4(1751 1752 1772 1771)
4(1713 1733 1773 1753)
4(1752 1753 1773 1772)
4(1753 1754 1774 1773)
4(1714 1734 1774 1754)
4(1735 1755 1795 1775)
4(583 1775 1795 584)
4(1736 1756 1796 1776)
4(1775 1776 1796 1795)
4(1737 1757 1797 1777)
4(1776 1777 1797 1796)
4(1738 1758 1798 1778)
4(1777 1778 1798 1797)
4(1739 1759 1799 1779)
4(1778 1779 1799 1798)
4(1740 1760 1800 1780)
4(1779 1780 1800 1799)
4(1741 1761 1801 1781)
4(1780 1781 1801 1800)
4(1742 1762 1802 1782)
4(1781 1782 1802 1801)
4(1743 1763 1803 1783)
4(1782 1783 1803 1802)
4(1744 1764 1804 1784)
4(1783 1784 1804 1803)
4(1745 1765 1805 1785)
4(1784 1785 1805 1804)
4(1746 1766 1806 1786)
4(1785 1786 1806 1805)
4(1747 1767 1807 1787)
4(1786 1787 1807 1806)
4(1748 1768 1808 1788)
4(1787 1788 1808 1807)
4(1749 1769 1809 1789)
4(1788 1789 1809 1808)
4(1750 1770 1810 1790)
4(1789 1790 1810 1809)
4(1751 1771 1811 1791)
4(1790 1791 1811 1810)
4(1752 1772 1812 1792)
4(1791 1792 1812 1811)
4(1753 1773 1813 1793)
4(1792 1793 1813 1812)
4(1793 1794 1814 1813)
4(1754 1774 1814 1794)
4(1775 1795 1835 1815)
4(585 1815 1835 586)
4(1776 1796 1836 1816)
4(1815 1816 1836 1835)
4(1777 1797 1837 1817)
4(1816 1817 1837 1836)
4(1778 1798 1838 1818)
4(1817 1818 1838 1837)
4(1779 1799 1839 1819)
4(1818 1819 1839 1838)
4(1780 1800 1840 1820)
4(1819 1820 1840 1839)
4(1781 1801 1841 1821)
4(1820 1821 1841 1840)
4(1782 1802 1842 1822)
4(1821 1822 1842 1841)
4(1783 1803 1843 1823)
4(1822 1823 1843 1842)
4(1784 1804 1844 1824)
4(1823 1824 1844 1843)
4(1785 1805 1845 1825)
4(1824 1825 1845 1844)
4(1786 1806 1846 1826)
4(1825 1826 1846 1845)
4(1787 1807 1847 1827)
4(1826 1827 1847 1846)
4(1788 1808 1848 1828)
4(1827 1828 1848 1847)
4(1789 1809 1849 1829)
4(1828 1829 1849 1848)
4(1790 1810 1850 1830)
4(1829 1830 1850 1849)
4(1791 1811 1851 1831)
4(1830 1831 1851 1850)
4(1792 1812 1852 1832)
4(1831 1832 1852 1851)
4(1793 1813 1853 1833)
4(1832 1833 1853 1852)
4(1833 1834 1854 1853)
4(1794 1814 1854 1834)
4(1815 1835 1875 1855)
4(587 1855 1875 588)
4(1816 1836 1876 1856)
4(1855 1856 1876 1875)
4(1817 1837 1877 1857)
4(1856 1857 1877 1876)
4(1818 1838 1878 1858)
4(1857 1858 1878 1877)
4(1819 1839 1879 1859)
4(1858 1859 1879 1878)
4(1820 1840 1880 1860)
4(1859 1860 1880 1879)
4(1821 1841 1881 1861)
4(1860 1861 1881 1880)
4(1822 1842 1882 1862)
4(1861 1862 1882 1881)
4(1823 1843 1883 1863)
4(1862 1863 1883 1882)
4(1824 1844 1884 1864)
4(1863 1864 1884 1883)
4(1825 1845 1885 1865)
4(1864 1865 1885 1884)
4(1826 1846 1886 1866)
4(1865 1866 1886 1885)
4(1827 1847 1887 1867)
4(1866 1867 1887 1886)
4(1828 1848 1888 1868)
4(1867 1868 1888 1887)
4(1829 1849 1889 1869)
4(1868 1869 1889 1888)
4(1830 1850 1890 1870)
4(1869 1870 1890 1889)
4(1831 1851 1891 1871)
4(1870 1871 1891 1890)
4(1832 1852 1892 1872)
4(1871 1872 1892 1891)
4(1833 1853 1893 1873)
4(1872 1873 1893 1892)
4(1873 1874 1894 1893)
4(1834 1854 1894 1874)
4(1855 1875 1915 1895)
4(589 1895 1915 590)
4(1856 1876 1916 1896)
4(1895 1896 1916 1915)
4(1857 1877 1917 1897)
4(1896 1897 1917 1916)
4(1858 1878 1918 1898)
4(1897 1898 1918 1917)
4(1859 1879 1919 1899)
4(1898 1899 1919 1918)
4(1860 1880 1920 1900)
4(1899 1900 1920 1919)
4(1861 1881 1921 1901)
4(1900 1901 1921 1920)
4(1862 1882 1922 1902)
4(1901 1902 1922 1921)
4(1863 1883 1923 1903)
4(1902 1903 1923 1922)
4(1864 1884 1924 1904)
4(1903 1904 1924 1923)
4(1865 1885 1925 1905)
4(1904 1905 1925 1924)
4(1866 1886 1926 1906)
4(1905 1906 1926 1925)
4(1867 1887 1927 1907)
4(1906 1907 1927 1926)
4(1868 1888 1928 1908)
4(1907 1908 1928 1927)
4(1869 1889 1929 1909)
4(1908 1909 1929 1928)
4(1870 1890 1930 1910)
4(1909 1910 1930 1929)
4(1871 1891 1931 1911)
4(1910 1911 1931 1930)
4(1872 1892 1932 1912)
4(1911 1912 1932 1931)
4(1873 1893 1933 1913)
4(1912 1913 1933 1932)
4(1913 1914 1934 1933)
4(1874 1894 1934 1914)
4(1895 1915 1955 1935)
4(591 1935 1955 592)
4(1896 1916 1956 1936)
4(1935 1936 1956 1955)
4(1897 1917 1957 1937)
4(1936 1937 1957 1956)
4(1898 1918 1958 1938)
4(1937 1938 1958 1957)
4(1899 1919 1959 1939)
4(1938 1939 1959 1958)
4(1900 1920 1960 1940)
4(1939 1940 1960 1959)
4(1901 1921 1961 1941)
4(1940 1941 1961 1960)
4(1902 1922 1962 1942)
4(1941 1942 1962 1961)
4(1903 1923 1963 1943)
4(1942 1943 1963 1962)
4(1904 1924 1964 1944)
4(1943 1944 1964 1963)
4(1905 1925 1965 1945)
4(1944 1945 1965 1964)
4(1906 1926 1966 1946)
4(1945 1946 1966 1965)
4(1907 1927 1967 1947)
4(1946 1947 1967 1966)
4(1908 1928 1968 1948)
4(1947 1948 1968 1967)
4(1909 1929 1969 1949)
4(1948 1949 1969 1968)
4(1910 1930 1970 1950)
4(1949 1950 1970 1969)
4(1911 1931 1971 1951)
4(1950 1951 1971 1970)
4(1912 1932 1972 1952)
4(1951 1952 1972 1971)
4(1913 1933 1973 1953)
4(1952 1953 1973 1972)
4(1953 1954 1974 1973)
4(1914 1934 1974 1954)
4(1935 1955 1995 1975)
4(593 1975 1995 594)
4(1936 1956 1996 1976)
4(1975 1976 1996 1995)
4(1937 1957 1997 1977)
4(1976 1977 1997 1996)
4(1938 1958 1998 1978)
4(1977 1978 1998 1997)
4(1939 1959 1999 1979)
4(1978 1979 1999 1998)
4(1940 1960 2000 1980)
4(1979 1980 2000 1999)
4(1941 1961 2001 1981)
4(1980 1981 2001 2000)
4(1942 1962 2002 1982)
4(1981 1982 2002 2001)
4(1943 1963 2003 1983)
4(1982 1983 2003 2002)
4(1944 1964 2004 1984)
4(1983 1984 2004 2003)
4(1945 1965 2005 1985)
4(1984 1985 2005 2004)
4(1946 1966 2006 1986)
4(1985 1986 2006 2005)
4(1947 1967 2007 1987)
4(1986 1987 2007 2006)
4(1948 1968 2008 1988)
4(1987 1988 2008 2007)
4(1949 1969 2009 1989)
4(1988 1989 2009 2008)
4(1950 1970 2010 1990)
4(1989 1990 2010 2009)
4(1951 1971 2011 1991)
4(1990 1991 2011 2010)
4(1952 1972 2012 1992)
4(1991 1992 2012 2011)
4(1953 1973 2013 1993)
4(1992 1993 2013 2012)
4(1993 1994 2014 2013)
4(1954 1974 2014 1994)
4(1975 1995 2035 2015)
4(595 2015 2035 596)
4(1976 1996 2036 2016)
4(2015 2016 2036 2035)
4(1977 1997 2037 2017)
4(2016 2017 2037 2036)
4(1978 1998 2038 2018)
4(2017 2018 2038 2037)
4(1979 1999 2039 2019)
4(2018 2019 2039 2038)
4(1980 2000 2040 2020)
4(2019 2020 2040 2039)
4(1981 2001 2041 2021)
4(2020 2021 2041 2040)
4(1982 2002 2042 2022)
4(2021 2022 2042 2041)
4(1983 2003 2043 2023)
4(2022 2023 2043 2042)
4(1984 2004 2044 2024)
4(2023 2024 2044 2043)
4(1985 2005 2045 2025)
4(2024 2025 2045 2044)
4(1986 2006 2046 2026)
4(2025 2026 2046 2045)
4(1987 2007 2047 2027)
4(2026 2027 2047 2046)
4(1988 2008 2048 2028)
4(2027 2028 2048 2047)
4(1989 2009 2049 2029)
4(2028 2029 2049 2048)
4(1990 2010 2050 2030)
4(2029 2030 2050 2049)
4(1991 2011 2051 2031)
4(2030 2031 2051 2050)
4(1992 2012 2052 2032)
4(2031 2032 2052 2051)
4(1993 2013 2053 2033)
4(2032 2033 2053 2052)
4(2033 2034 2054 2053)
4(1994 2014 2054 2034)
4(2015 2035 2075 2055)
4(597 2055 2075 598)
4(2016 2036 2076 2056)
4(2055 2056 2076 2075)
4(2017 2037 2077 2057)
4(2056 2057 2077 2076)
4(2018 2038 2078 2058)
4(2057 2058 2078 2077)
4(2019 2039 2079 2059)
4(2058 2059 2079 2078)
4(2020 2040 2080 2060)
4(2059 2060 2080 2079)
4(2021 2041 2081 2061)
4(2060 2061 2081 2080)
4(2022 2042 2082 2062)
4(2061 2062 2082 2081)
4(2023 2043 2083 2063)
4(2062 2063 2083 2082)
4(2024 2044 2084 2064)
4(2063 2064 2084 2083)
4(2025 2045 2085 2065)
4(2064 2065 2085 2084)
4(2026 2046 2086 2066)
4(2065 2066 2086 2085)
4(2027 2047 2087 2067)
4(2066 2067 2087 2086)
4(2028 2048 2088 2068)
4(2067 2068 2088 2087)
4(2029 2049 2089 2069)
4(2068 2069 2089 2088)
4(2030 2050 2090 2070)
4(2069 2070 2090 2089)
4(2031 2051 2091 2071)
4(2070 2071 2091 2090)
4(2032 2052 2092 2072)
4(2071 2072 2092 2091)
4(2033 2053 2093 2073)
4(2072 2073 2093 2092)
4(2073 2074 2094 2093)
4(2034 2054 2094 2074)
4(2055 2075 2115 2095)
4(599 2095 2115 600)
4(2056 2076 2116 2096)
4(2095 2096 2116 2115)
4(2057 2077 2117 2097)
4(2096 2097 2117 2116)
4(2058 2078 2118 2098)
4(2097 2098 2118 2117)
4(2059 2079 2119 2099)
4(2098 2099 2119 2118)
4(2060 2080 2120 2100)
4(2099 2100 2120 2119)
4(2061 2081 2121 2101)
4(2100 2101 2121 2120)
4(2062 2082 2122 2102)
4(2101 2102 2122 2121)
4(2063 2083 2123 2103)
4(2102 2103 2123 2122)
4(2064 2084 2124 2104)
4(2103 2104 2124 2123)
4(2065 2085 2125 2105)
4(2104 2105 2125 2124)
4(2066 2086 2126 2106)
4(2105 2106 2126 2125)
4(2067 2087 2127 2107)
4(2106 2107 2127 2126)
4(2068 2088 2128 2108)
4(2107 2108 2128 2127)
4(2069 2089 2129 2109)
4(2108 2109 2129 2128)
4(2070 2090 2130 2110)
4(2109 2110 2130 2129)
4(2071 2091 2131 2111)
4(2110 2111 2131 2130)
4(2072 2092 2132 2112)
4(2111 2112 2132 2131)
4(2073 2093 2133 2113)
4(2112 2113 2133 2132)
4(2113 2114 2134 2133)
4(2074 2094 2134 2114)
4(2095 2115 2155 2135)
4(601 2135 2155 602)
4(2096 2116 2156 2136)
4(2135 2136 2156 2155)
4(2097 2117 2157 2137)
4(2136 2137 2157 2156)
4(2098 2118 2158 2138)
4(2137 2138 2158 2157)
4(2099 2119 2159 2139)
4(2138 2139 2159 2158)
4(2100 2120 2160 2140)
4(2139 2140 2160 2159)
4(2101 2121 2161 2141)
4(2140 2141 2161 2160)
4(2102 2122 2162 2142)
4(2141 2142 2162 2161)
4(2103 2123 2163 2143)
4(2142 2143 2163 2162)
4(2104 2124 2164 2144)
4(2143 2144 2164 2163)
4(2105 2125 2165 2145)
4(2144 2145 2165 2164)
4(2106 2126 2166 2146)
4(2145 2146 2166 2165)
4(2107 2127 2167 2147)
4(2146 2147 2167 2166)
4(2108 2128 2168 2148)
4(2147 2148 2168 2167)
4(2109 2129 2169 2149)
4(2148 2149 2169 2168)
4(2110 2130 2170 2150)
4(2149 2150 2170 2169)
4(2111 2131 2171 2151)
4(2150 2151 2171 2170)
4(2112 2132 2172 2152)
4(2151 2152 2172 2171)
4(2113 2133 2173 2153)
4(2152 2153 2173 2172)
4(2153 2154 2174 2173)
4(2114 2134 2174 2154)
4(2135 2155 2195 2175)
4(603 2175 2195 604)
4(2136 2156 2196 2176)
4(2175 2176 2196 2195)
4(2137 2157 2197 2177)
4(2176 2177 2197 2196)
4(2138 2158 2198 2178)
4(2177 2178 2198 2197)
4(2139 2159 2199 2179)
4(2178 2179 2199 2198)
4(2140 2160 2200 2180)
4(2179 2180 2200 2199)
4(2141 2161 2201 2181)
4(2180 2181 2201 2200)
4(2142 2162 2202 2182)
4(2181 2182 2202 2201)
4(2143 2163 2203 2183)
4(2182 2183 2203 2202)
4(2144 2164 2204 2184)
4(2183 2184 2204 2203)
4(2145 2165 2205 2185)
4(2184 2185 2205 2204)
4(2146 2166 2206 2186)
4(2185 2186 2206 2205)
4(2147 2167 2207 2187)
4(2186 2187 2207 2206)
4(2148 2168 2208 2188)
4(2187 2188 2208 2207)
4(2149 2169 2209 2189)
4(2188 2189 2209 2208)
4(2150 2170 2210 2190)
4(2189 2190 2210 2209)
4(2151 2171 2211 2191)
4(2190 2191 2211 2210)
4(2152 2172 2212 2192)
4(2191 2192 2212 2211)
4(2153 2173 2213 2193)
4(2192 2193 2213 2212)
4(2193 2194 2214 2213)
4(2154 2174 2214 2194)
4(2175 2195 2235 2215)
4(2176 2196 2236 2216)
4(2177 2197 2237 2217)
4(2178 2198 2238 2218)
4(2179 2199 2239 2219)
4(2180 2200 2240 2220)
4(2181 2201 2241 2221)
4(2182 2202 2242 2222)
4(2183 2203 2243 2223)
4(2184 2204 2244 2224)
4(2185 2205 2245 2225)
4(2186 2206 2246 2226)
4(2187 2207 2247 2227)
4(2188 2208 2248 2228)
4(2189 2209 2249 2229)
4(2190 2210 2250 2230)
4(2191 2211 2251 2231)
4(2192 2212 2252 2232)
4(2193 2213 2253 2233)
4(2194 2214 2254 2234)
4(834 2257 2258 854)
4(874 2259 2260 894)
4(914 2261 2262 934)
4(954 2263 2264 974)
4(994 2265 2266 1014)
4(1034 2267 2268 1054)
4(1074 2269 2270 1094)
4(1114 2271 2272 1134)
4(1154 2273 2274 1174)
4(1194 2275 2276 1214)
4(1234 2277 2278 1254)
4(1274 2279 2280 1294)
4(1314 2281 2282 1334)
4(1354 2283 2284 1374)
4(1394 2285 2286 1414)
4(1434 2287 2288 1454)
4(1474 2289 2290 1494)
4(1514 2291 2292 1534)
4(1554 2293 2294 1574)
4(1594 2295 2296 1614)
4(1634 2297 2298 1654)
4(1674 2299 2300 1694)
4(1714 2301 2302 1734)
4(1754 2303 2304 1774)
4(1794 2305 2306 1814)
4(1834 2307 2308 1854)
4(1874 2309 2310 1894)
4(1914 2311 2312 1934)
4(1954 2313 2314 1974)
4(1994 2315 2316 2014)
4(2034 2317 2318 2054)
4(2074 2319 2320 2094)
4(2114 2321 2322 2134)
4(2154 2323 2324 2174)
4(2194 2325 2326 2214)
3(0 7 1)
4(1 7 8 2)
4(2 8 9 3)
4(3 9 10 4)
4(4 10 11 5)
4(5 11 12 6)
4(607 628 629 608)
4(608 629 630 609)
4(609 630 631 610)
4(610 631 632 611)
4(611 632 633 612)
4(612 633 634 613)
4(613 634 635 614)
4(614 635 636 615)
4(615 636 637 616)
4(616 637 638 617)
4(617 638 639 618)
4(618 639 640 619)
4(619 640 641 620)
4(620 641 642 621)
4(621 642 643 622)
4(622 643 644 623)
4(623 644 645 624)
4(624 645 646 625)
4(625 646 647 626)
4(626 647 648 627)
3(520 521 527)
4(521 522 528 527)
4(522 523 529 528)
4(523 524 530 529)
4(524 525 531 530)
4(525 526 532 531)
4(526 605 606 532)
4(605 2215 2235 606)
4(2215 2216 2236 2235)
4(2216 2217 2237 2236)
4(2217 2218 2238 2237)
4(2218 2219 2239 2238)
4(2219 2220 2240 2239)
4(2220 2221 2241 2240)
4(2221 2222 2242 2241)
4(2222 2223 2243 2242)
4(2223 2224 2244 2243)
4(2224 2225 2245 2244)
4(2225 2226 2246 2245)
4(2226 2227 2247 2246)
4(2227 2228 2248 2247)
4(2228 2229 2249 2248)
4(2229 2230 2250 2249)
4(2230 2231 2251 2250)
4(2231 2232 2252 2251)
4(2232 2233 2253 2252)
4(2233 2234 2254 2253)
4(2234 2327 2328 2254)
4(794 814 2256 2255)
4(627 648 690 669)
4(669 690 732 711)
4(711 732 774 753)
4(753 774 814 794)
4(2255 2256 2258 2257)
4(2257 2258 2260 2259)
4(2259 2260 2262 2261)
4(2261 2262 2264 2263)
4(2263 2264 2266 2265)
4(2265 2266 2268 2267)
4(2267 2268 2270 2269)
4(2269 2270 2272 2271)
4(2271 2272 2274 2273)
4(2273 2274 2276 2275)
4(2275 2276 2278 2277)
4(2277 2278 2280 2279)
4(2279 2280 2282 2281)
4(2281 2282 2284 2283)
4(2283 2284 2286 2285)
4(2285 2286 2288 2287)
4(2287 2288 2290 2289)
4(2289 2290 2292 2291)
4(2291 2292 2294 2293)
4(2293 2294 2296 2295)
4(2295 2296 2298 2297)
4(2297 2298 2300 2299)
4(2299 2300 2302 2301)
4(2301 2302 2304 2303)
4(2303 2304 2306 2305)
4(2305 2306 2308 2307)
4(2307 2308 2310 2309)
4(2309 2310 2312 2311)
4(2311 2312 2314 2313)
4(2313 2314 2316 2315)
4(2315 2316 2318 2317)
4(2317 2318 2320 2319)
4(2319 2320 2322 2321)
4(2321 2322 2324 2323)
4(2323 2324 2326 2325)
4(2325 2326 2328 2327)
4(6 12 25 19)
4(19 25 38 32)
4(32 38 51 45)
4(45 51 64 58)
4(607 649 670 628)
4(649 691 712 670)
4(691 733 754 712)
4(733 533 534 754)
4(58 64 534 533)
4(52 65 72 59)
4(65 78 85 72)
4(78 91 98 85)
4(91 104 111 98)
4(104 117 124 111)
4(117 130 137 124)
4(130 143 150 137)
4(143 156 163 150)
4(156 169 176 163)
4(169 182 189 176)
4(182 195 202 189)
4(195 208 215 202)
4(208 221 228 215)
4(221 234 241 228)
4(234 247 254 241)
4(247 260 267 254)
4(260 273 280 267)
4(273 286 293 280)
4(286 299 306 293)
4(299 312 319 306)
4(312 325 332 319)
4(325 338 345 332)
4(338 351 358 345)
4(351 364 371 358)
4(364 377 384 371)
4(377 390 397 384)
4(390 403 410 397)
4(403 416 423 410)
4(416 429 436 423)
4(429 442 449 436)
4(442 455 462 449)
4(455 468 475 462)
4(468 481 488 475)
4(481 494 501 488)
4(494 507 514 501)
4(507 520 527 514)
4(59 72 73 60)
4(72 85 86 73)
4(85 98 99 86)
4(98 111 112 99)
4(111 124 125 112)
4(124 137 138 125)
4(137 150 151 138)
4(150 163 164 151)
4(163 176 177 164)
4(176 189 190 177)
4(189 202 203 190)
4(202 215 216 203)
4(215 228 229 216)
4(228 241 242 229)
4(241 254 255 242)
4(254 267 268 255)
4(267 280 281 268)
4(280 293 294 281)
4(293 306 307 294)
4(306 319 320 307)
4(319 332 333 320)
4(332 345 346 333)
4(345 358 359 346)
4(358 371 372 359)
4(371 384 385 372)
4(384 397 398 385)
4(397 410 411 398)
4(410 423 424 411)
4(423 436 437 424)
4(436 449 450 437)
4(449 462 463 450)
4(462 475 476 463)
4(475 488 489 476)
4(488 501 502 489)
4(501 514 515 502)
4(514 527 528 515)
4(60 73 74 61)
4(73 86 87 74)
4(86 99 100 87)
4(99 112 113 100)
4(112 125 126 113)
4(125 138 139 126)
4(138 151 152 139)
4(151 164 165 152)
4(164 177 178 165)
4(177 190 191 178)
4(190 203 204 191)
4(203 216 217 204)
4(216 229 230 217)
4(229 242 243 230)
4(242 255 256 243)
4(255 268 269 256)
4(268 281 282 269)
4(281 294 295 282)
4(294 307 308 295)
4(307 320 321 308)
4(320 333 334 321)
4(333 346 347 334)
4(346 359 360 347)
4(359 372 373 360)
4(372 385 386 373)
4(385 398 399 386)
4(398 411 412 399)
4(411 424 425 412)
4(424 437 438 425)
4(437 450 451 438)
4(450 463 464 451)
4(463 476 477 464)
4(476 489 490 477)
4(489 502 503 490)
4(502 515 516 503)
4(515 528 529 516)
4(61 74 75 62)
4(74 87 88 75)
4(87 100 101 88)
4(100 113 114 101)
4(113 126 127 114)
4(126 139 140 127)
4(139 152 153 140)
4(152 165 166 153)
4(165 178 179 166)
4(178 191 192 179)
4(191 204 205 192)
4(204 217 218 205)
4(217 230 231 218)
4(230 243 244 231)
4(243 256 257 244)
4(256 269 270 257)
4(269 282 283 270)
4(282 295 296 283)
4(295 308 309 296)
4(308 321 322 309)
4(321 334 335 322)
4(334 347 348 335)
4(347 360 361 348)
4(360 373 374 361)
4(373 386 387 374)
4(386 399 400 387)
4(399 412 413 400)
4(412 425 426 413)
4(425 438 439 426)
4(438 451 452 439)
4(451 464 465 452)
4(464 477 478 465)
4(477 490 491 478)
4(490 503 504 491)
4(503 516 517 504)
4(516 529 530 517)
4(62 75 76 63)
4(75 88 89 76)
4(88 101 102 89)
4(101 114 115 102)
4(114 127 128 115)
4(127 140 141 128)
4(140 153 154 141)
4(153 166 167 154)
4(166 179 180 167)
4(179 192 193 180)
4(192 205 206 193)
4(205 218 219 206)
4(218 231 232 219)
4(231 244 245 232)
4(244 257 258 245)
4(257 270 271 258)
4(270 283 284 271)
4(283 296 297 284)
4(296 309 310 297)
4(309 322 323 310)
4(322 335 336 323)
4(335 348 349 336)
4(348 361 362 349)
4(361 374 375 362)
4(374 387 388 375)
4(387 400 401 388)
4(400 413 414 401)
4(413 426 427 414)
4(426 439 440 427)
4(439 452 453 440)
4(452 465 466 453)
4(465 478 479 466)
4(478 491 492 479)
4(491 504 505 492)
4(504 517 518 505)
4(517 530 531 518)
4(63 76 77 64)
4(76 89 90 77)
4(89 102 103 90)
4(102 115 116 103)
4(115 128 129 116)
4(128 141 142 129)
4(141 154 155 142)
4(154 167 168 155)
4(167 180 181 168)
4(180 193 194 181)
4(193 206 207 194)
4(206 219 220 207)
4(219 232 233 220)
4(232 245 246 233)
4(245 258 259 246)
4(258 271 272 259)
4(271 284 285 272)
4(284 297 298 285)
4(297 310 311 298)
4(310 323 324 311)
4(323 336 337 324)
4(336 349 350 337)
4(349 362 363 350)
4(362 375 376 363)
4(375 388 389 376)
4(388 401 402 389)
4(401 414 415 402)
4(414 427 428 415)
4(427 440 441 428)
4(440 453 454 441)
4(453 466 467 454)
4(466 479 480 467)
4(479 492 493 480)
4(492 505 506 493)
4(505 518 519 506)
4(518 531 532 519)
4(0 13 20 7)
4(13 26 33 20)
4(26 39 46 33)
4(39 52 59 46)
4(7 20 21 8)
4(20 33 34 21)
4(33 46 47 34)
4(46 59 60 47)
4(8 21 22 9)
4(21 34 35 22)
4(34 47 48 35)
4(47 60 61 48)
4(9 22 23 10)
4(22 35 36 23)
4(35 48 49 36)
4(48 61 62 49)
4(10 23 24 11)
4(23 36 37 24)
4(36 49 50 37)
4(49 62 63 50)
4(11 24 25 12)
4(24 37 38 25)
4(37 50 51 38)
4(50 63 64 51)
4(64 77 536 534)
4(77 90 538 536)
4(90 103 540 538)
4(103 116 542 540)
4(116 129 544 542)
4(129 142 546 544)
4(142 155 548 546)
4(155 168 550 548)
4(168 181 552 550)
4(181 194 554 552)
4(194 207 556 554)
4(207 220 558 556)
4(220 233 560 558)
4(233 246 562 560)
4(246 259 564 562)
4(259 272 566 564)
4(272 285 568 566)
4(285 298 570 568)
4(298 311 572 570)
4(311 324 574 572)
4(324 337 576 574)
4(337 350 578 576)
4(350 363 580 578)
4(363 376 582 580)
4(376 389 584 582)
4(389 402 586 584)
4(402 415 588 586)
4(415 428 590 588)
4(428 441 592 590)
4(441 454 594 592)
4(454 467 596 594)
4(467 480 598 596)
4(480 493 600 598)
4(493 506 602 600)
4(506 519 604 602)
4(519 532 606 604)
4(534 536 835 795)
4(536 538 875 835)
4(538 540 915 875)
4(540 542 955 915)
4(542 544 995 955)
4(544 546 1035 995)
4(546 548 1075 1035)
4(548 550 1115 1075)
4(550 552 1155 1115)
4(552 554 1195 1155)
4(554 556 1235 1195)
4(556 558 1275 1235)
4(558 560 1315 1275)
4(560 562 1355 1315)
4(562 564 1395 1355)
4(564 566 1435 1395)
4(566 568 1475 1435)
4(568 570 1515 1475)
4(570 572 1555 1515)
4(572 574 1595 1555)
4(574 576 1635 1595)
4(576 578 1675 1635)
4(578 580 1715 1675)
4(580 582 1755 1715)
4(582 584 1795 1755)
4(584 586 1835 1795)
4(586 588 1875 1835)
4(588 590 1915 1875)
4(590 592 1955 1915)
4(592 594 1995 1955)
4(594 596 2035 1995)
4(596 598 2075 2035)
4(598 600 2115 2075)
4(600 602 2155 2115)
4(602 604 2195 2155)
4(604 606 2235 2195)
4(795 835 836 796)
4(835 875 876 836)
4(875 915 916 876)
4(915 955 956 916)
4(955 995 996 956)
4(995 1035 1036 996)
4(1035 1075 1076 1036)
4(1075 1115 1116 1076)
4(1115 1155 1156 1116)
4(1155 1195 1196 1156)
4(1195 1235 1236 1196)
4(1235 1275 1276 1236)
4(1275 1315 1316 1276)
4(1315 1355 1356 1316)
4(1355 1395 1396 1356)
4(1395 1435 1436 1396)
4(1435 1475 1476 1436)
4(1475 1515 1516 1476)
4(1515 1555 1556 1516)
4(1555 1595 1596 1556)
4(1595 1635 1636 1596)
4(1635 1675 1676 1636)
4(1675 1715 1716 1676)
4(1715 1755 1756 1716)
4(1755 1795 1796 1756)
4(1795 1835 1836 1796)
4(1835 1875 1876 1836)
4(1875 1915 1916 1876)
4(1915 1955 1956 1916)
4(1955 1995 1996 1956)
4(1995 2035 2036 1996)
4(2035 2075 2076 2036)
4(2075 2115 2116 2076)
4(2115 2155 2156 2116)
4(2155 2195 2196 2156)
4(2195 2235 2236 2196)
4(796 836 837 797)
4(836 876 877 837)
4(876 916 917 877)
4(916 956 957 917)
4(956 996 997 957)
4(996 1036 1037 997)
4(1036 1076 1077 1037)
4(1076 1116 1117 1077)
4(1116 1156 1157 1117)
4(1156 1196 1197 1157)
4(1196 1236 1237 1197)
4(1236 1276 1277 1237)
4(1276 1316 1317 1277)
4(1316 1356 1357 1317)
4(1356 1396 1397 1357)
4(1396 1436 1437 1397)
4(1436 1476 1477 1437)
4(1476 1516 1517 1477)
4(1516 1556 1557 1517)
4(1556 1596 1597 1557)
4(1596 1636 1637 1597)
4(1636 1676 1677 1637)
4(1676 1716 1717 1677)
4(1716 1756 1757 1717)
4(1756 1796 1797 1757)
4(1796 1836 1837 1797)
4(1836 1876 1877 1837)
4(1876 1916 1917 1877)
4(1916 1956 1957 1917)
4(1956 1996 1997 1957)
4(1996 2036 2037 1997)
4(2036 2076 2077 2037)
4(2076 2116 2117 2077)
4(2116 2156 2157 2117)
4(2156 2196 2197 2157)
4(2196 2236 2237 2197)
4(797 837 838 798)
4(837 877 878 838)
4(877 917 918 878)
4(917 957 958 918)
4(957 997 998 958)
4(997 1037 1038 998)
4(1037 1077 1078 1038)
4(1077 1117 1118 1078)
4(1117 1157 1158 1118)
4(1157 1197 1198 1158)
4(1197 1237 1238 1198)
4(1237 1277 1278 1238)
4(1277 1317 1318 1278)
4(1317 1357 1358 1318)
4(1357 1397 1398 1358)
4(1397 1437 1438 1398)
4(1437 1477 1478 1438)
4(1477 1517 1518 1478)
4(1517 1557 1558 1518)
4(1557 1597 1598 1558)
4(1597 1637 1638 1598)
4(1637 1677 1678 1638)
4(1677 1717 1718 1678)
4(1717 1757 1758 1718)
4(1757 1797 1798 1758)
4(1797 1837 1838 1798)
4(1837 1877 1878 1838)
4(1877 1917 1918 1878)
4(1917 1957 1958 1918)
4(1957 1997 1998 1958)
4(1997 2037 2038 1998)
4(2037 2077 2078 2038)
4(2077 2117 2118 2078)
4(2117 2157 2158 2118)
4(2157 2197 2198 2158)
4(2197 2237 2238 2198)
4(798 838 839 799)
4(838 878 879 839)
4(878 918 919 879)
4(918 958 959 919)
4(958 998 999 959)
4(998 1038 1039 999)
4(1038 1078 1079 1039)
4(1078 1118 1119 1079)
4(1118 1158 1159 1119)
4(1158 1198 1199 1159)
4(1198 1238 1239 1199)
4(1238 1278 1279 1239)
4(1278 1318 1319 1279)
4(1318 1358 1359 1319)
4(1358 1398 1399 1359)
4(1398 1438 1439 1399)
4(1438 1478 1479 1439)
4(1478 1518 1519 1479)
4(1518 1558 1559 1519)
4(1558 1598 1599 1559)
4(1598 1638 1639 1599)
4(1638 1678 1679 1639)
4(1678 1718 1719 1679)
4(1718 1758 1759 1719)
4(1758 1798 1799 1759)
4(1798 1838 1839 1799)
4(1838 1878 1879 1839)
4(1878 1918 1919 1879)
4(1918 1958 1959 1919)
4(1958 1998 1999 1959)
4(1998 2038 2039 1999)
4(2038 2078 2079 2039)
4(2078 2118 2119 2079)
4(2118 2158 2159 2119)
4(2158 2198 2199 2159)
4(2198 2238 2239 2199)
4(799 839 840 800)
4(839 879 880 840)
4(879 919 920 880)
4(919 959 960 920)
4(959 999 1000 960)
4(999 1039 1040 1000)
4(1039 1079 1080 1040)
4(1079 1119 1120 1080)
4(1119 1159 1160 1120)
4(1159 1199 1200 1160)
4(1199 1239 1240 1200)
4(1239 1279 1280 1240)
4(1279 1319 1320 1280)
4(1319 1359 1360 1320)
4(1359 1399 1400 1360)
4(1399 1439 1440 1400)
4(1439 1479 1480 1440)
4(1479 1519 1520 1480)
4(1519 1559 1560 1520)
4(1559 1599 1600 1560)
4(1599 1639 1640 1600)
4(1639 1679 1680 1640)
4(1679 1719 1720 1680)
4(1719 1759 1760 1720)
4(1759 1799 1800 1760)
4(1799 1839 1840 1800)
4(1839 1879 1880 1840)
4(1879 1919 1920 1880)
4(1919 1959 1960 1920)
4(1959 1999 2000 1960)
4(1999 2039 2040 2000)
4(2039 2079 2080 2040)
4(2079 2119 2120 2080)
4(2119 2159 2160 2120)
4(2159 2199 2200 2160)
4(2199 2239 2240 2200)
4(800 840 841 801)
4(840 880 881 841)
4(880 920 921 881)
4(920 960 961 921)
4(960 1000 1001 961)
4(1000 1040 1041 1001)
4(1040 1080 1081 1041)
4(1080 1120 1121 1081)
4(1120 1160 1161 1121)
4(1160 1200 1201 1161)
4(1200 1240 1241 1201)
4(1240 1280 1281 1241)
4(1280 1320 1321 1281)
4(1320 1360 1361 1321)
4(1360 1400 1401 1361)
4(1400 1440 1441 1401)
4(1440 1480 1481 1441)
4(1480 1520 1521 1481)
4(1520 1560 1561 1521)
4(1560 1600 1601 1561)
4(1600 1640 1641 1601)
4(1640 1680 1681 1641)
4(1680 1720 1721 1681)
4(1720 1760 1761 1721)
4(1760 1800 1801 1761)
4(1800 1840 1841 1801)
4(1840 1880 1881 1841)
4(1880 1920 1921 1881)
4(1920 1960 1961 1921)
4(1960 2000 2001 1961)
4(2000 2040 2041 2001)
4(2040 2080 2081 2041)
4(2080 2120 2121 2081)
4(2120 2160 2161 2121)
4(2160 2200 2201 2161)
4(2200 2240 2241 2201)
4(801 841 842 802)
4(841 881 882 842)
4(881 921 922 882)
4(921 961 962 922)
4(961 1001 1002 962)
4(1001 1041 1042 1002)
4(1041 1081 1082 1042)
4(1081 1121 1122 1082)
4(1121 1161 1162 1122)
4(1161 1201 1202 1162)
4(1201 1241 1242 1202)
4(1241 1281 1282 1242)
4(1281 1321 1322 1282)
4(1321 1361 1362 1322)
4(1361 1401 1402 1362)
4(1401 1441 1442 1402)
4(1441 1481 1482 1442)
4(1481 1521 1522 1482)
4(1521 1561 1562 1522)
4(1561 1601 1602 1562)
4(1601 1641 1642 1602)
4(1641 1681 1682 1642)
4(1681 1721 1722 1682)
4(1721 1761 1762 1722)
4(1761 1801 1802 1762)
4(1801 1841 1842 1802)
4(1841 1881 1882 1842)
4(1881 1921 1922 1882)
4(1921 1961 1962 1922)
4(1961 2001 2002 1962)
4(2001 2041 2042 2002)
4(2041 2081 2082 2042)
4(2081 2121 2122 2082)
4(2121 2161 2162 2122)
4(2161 2201 2202 2162)
4(2201 2241 2242 2202)
4(802 842 843 803)
4(842 882 883 843)
4(882 922 923 883)
4(922 962 963 923)
4(962 1002 1003 963)
4(1002 1042 1043 1003)
4(1042 1082 1083 1043)
4(1082 1122 1123 1083)
4(1122 1162 1163 1123)
4(1162 1202 1203 1163)
4(1202 1242 1243 1203)
4(1242 1282 1283 1243)
4(1282 1322 1323 1283)
4(1322 1362 1363 1323)
4(1362 1402 1403 1363)
4(1402 1442 1443 1403)
4(1442 1482 1483 1443)
4(1482 1522 1523 1483)
4(1522 1562 1563 1523)
4(1562 1602 1603 1563)
4(1602 1642 1643 1603)
4(1642 1682 1683 1643)
4(1682 1722 1723 1683)
4(1722 1762 1763 1723)
4(1762 1802 1803 1763)
4(1802 1842 1843 1803)
4(1842 1882 1883 1843)
4(1882 1922 1923 1883)
4(1922 1962 1963 1923)
4(1962 2002 2003 1963)
4(2002 2042 2043 2003)
4(2042 2082 2083 2043)
4(2082 2122 2123 2083)
4(2122 2162 2163 2123)
4(2162 2202 2203 2163)
4(2202 2242 2243 2203)
4(803 843 844 804)
4(843 883 884 844)
4(883 923 924 884)
4(923 963 964 924)
4(963 1003 1004 964)
4(1003 1043 1044 1004)
4(1043 1083 1084 1044)
4(1083 1123 1124 1084)
4(1123 1163 1164 1124)
4(1163 1203 1204 1164)
4(1203 1243 1244 1204)
4(1243 1283 1284 1244)
4(1283 1323 1324 1284)
4(1323 1363 1364 1324)
4(1363 1403 1404 1364)
4(1403 1443 1444 1404)
4(1443 1483 1484 1444)
4(1483 1523 1524 1484)
4(1523 1563 1564 1524)
4(1563 1603 1604 1564)
4(1603 1643 1644 1604)
4(1643 1683 1684 1644)
4(1683 1723 1724 1684)
4(1723 1763 1764 1724)
4(1763 1803 1804 1764)
4(1803 1843 1844 1804)
4(1843 1883 1884 1844)
4(1883 1923 1924 1884)
4(1923 1963 1964 1924)
4(1963 2003 2004 1964)
4(2003 2043 2044 2004)
4(2043 2083 2084 2044)
4(2083 2123 2124 2084)
4(2123 2163 2164 2124)
4(2163 2203 2204 2164)
4(2203 2243 2244 2204)
4(804 844 845 805)
4(844 884 885 845)
4(884 924 925 885)
4(924 964 965 925)
4(964 1004 1005 965)
4(1004 1044 1045 1005)
4(1044 1084 1085 1045)
4(1084 1124 1125 1085)
4(1124 1164 1165 1125)
4(1164 1204 1205 1165)
4(1204 1244 1245 1205)
4(1244 1284 1285 1245)
4(1284 1324 1325 1285)
4(1324 1364 1365 1325)
4(1364 1404 1405 1365)
4(1404 1444 1445 1405)
4(1444 1484 1485 1445)
4(1484 1524 1525 1485)
4(1524 1564 1565 1525)
4(1564 1604 1605 1565)
4(1604 1644 1645 1605)
4(1644 1684 1685 1645)
4(1684 1724 1725 1685)
4(1724 1764 1765 1725)
4(1764 1804 1805 1765)
4(1804 1844 1845 1805)
4(1844 1884 1885 1845)
4(1884 1924 1925 1885)
4(1924 1964 1965 1925)
4(1964 2004 2005 1965)
4(2004 2044 2045 2005)
4(2044 2084 2085 2045)
4(2084 2124 2125 2085)
4(2124 2164 2165 2125)
4(2164 2204 2205 2165)
4(2204 2244 2245 2205)
4(805 845 846 806)
4(845 885 886 846)
4(885 925 926 886)
4(925 965 966 926)
4(965 1005 1006 966)
4(1005 1045 1046 1006)
4(1045 1085 1086 1046)
4(1085 1125 1126 1086)
4(1125 1165 1166 1126)
4(1165 1205 1206 1166)
4(1205 1245 1246 1206)
4(1245 1285 1286 1246)
4(1285 1325 1326 1286)
4(1325 1365 1366 1326)
4(1365 1405 1406 1366)
4(1405 1445 1446 1406)
4(1445 1485 1486 1446)
4(1485 1525 1526 1486)
4(1525 1565 1566 1526)
4(1565 1605 1606 1566)
4(1605 1645 1646 1606)
4(1645 1685 1686 1646)
4(1685 1725 1726 1686)
4(1725 1765 1766 1726)
4(1765 1805 1806 1766)
4(1805 1845 1846 1806)
4(1845 1885 1886 1846)
4(1885 1925 1926 1886)
4(1925 1965 1966 1926)
4(1965 2005 2006 1966)
4(2005 2045 2046 2006)
4(2045 2085 2086 2046)
4(2085 2125 2126 2086)
4(2125 2165 2166 2126)
4(2165 2205 2206 2166)
4(2205 2245 2246 2206)
4(806 846 847 807)
4(846 886 887 847)
4(886 926 927 887)
4(926 966 967 927)
4(966 1006 1007 967)
4(1006 1046 1047 1007)
4(1046 1086 1087 1047)
4(1086 1126 1127 1087)
4(1126 1166 1167 1127)
4(1166 1206 1207 1167)
4(1206 1246 1247 1207)
4(1246 1286 1287 1247)
4(1286 1326 1327 1287)
4(1326 1366 1367 1327)
4(1366 1406 1407 1367)
4(1406 1446 1447 1407)
4(1446 1486 1487 1447)
4(1486 1526 1527 1487)
4(1526 1566 1567 1527)
4(1566 1606 1607 1567)
4(1606 1646 1647 1607)
4(1646 1686 1687 1647)
4(1686 1726 1727 1687)
4(1726 1766 1767 1727)
4(1766 1806 1807 1767)
4(1806 1846 1847 1807)
4(1846 1886 1887 1847)
4(1886 1926 1927 1887)
4(1926 1966 1967 1927)
4(1966 2006 2007 1967)
4(2006 2046 2047 2007)
4(2046 2086 2087 2047)
4(2086 2126 2127 2087)
4(2126 2166 2167 2127)
4(2166 2206 2207 2167)
4(2206 2246 2247 2207)
4(807 847 848 808)
4(847 887 888 848)
4(887 927 928 888)
4(927 967 968 928)
4(967 1007 1008 968)
4(1007 1047 1048 1008)
4(1047 1087 1088 1048)
4(1087 1127 1128 1088)
4(1127 1167 1168 1128)
4(1167 1207 1208 1168)
4(1207 1247 1248 1208)
4(1247 1287 1288 1248)
4(1287 1327 1328 1288)
4(1327 1367 1368 1328)
4(1367 1407 1408 1368)
4(1407 1447 1448 1408)
4(1447 1487 1488 1448)
4(1487 1527 1528 1488)
4(1527 1567 1568 1528)
4(1567 1607 1608 1568)
4(1607 1647 1648 1608)
4(1647 1687 1688 1648)
4(1687 1727 1728 1688)
4(1727 1767 1768 1728)
4(1767 1807 1808 1768)
4(1807 1847 1848 1808)
4(1847 1887 1888 1848)
4(1887 1927 1928 1888)
4(1927 1967 1968 1928)
4(1967 2007 2008 1968)
4(2007 2047 2048 2008)
4(2047 2087 2088 2048)
4(2087 2127 2128 2088)
4(2127 2167 2168 2128)
4(2167 2207 2208 2168)
4(2207 2247 2248 2208)
4(808 848 849 809)
4(848 888 889 849)
4(888 928 929 889)
4(928 968 969 929)
4(968 1008 1009 969)
4(1008 1048 1049 1009)
4(1048 1088 1089 1049)
4(1088 1128 1129 1089)
4(1128 1168 1169 1129)
4(1168 1208 1209 1169)
4(1208 1248 1249 1209)
4(1248 1288 1289 1249)
4(1288 1328 1329 1289)
4(1328 1368 1369 1329)
4(1368 1408 1409 1369)
4(1408 1448 1449 1409)
4(1448 1488 1489 1449)
4(1488 1528 1529 1489)
4(1528 1568 1569 1529)
4(1568 1608 1609 1569)
4(1608 1648 1649 1609)
4(1648 1688 1689 1649)
4(1688 1728 1729 1689)
4(1728 1768 1769 1729)
4(1768 1808 1809 1769)
4(1808 1848 1849 1809)
4(1848 1888 1889 1849)
4(1888 1928 1929 1889)
4(1928 1968 1969 1929)
4(1968 2008 2009 1969)
4(2008 2048 2049 2009)
4(2048 2088 2089 2049)
4(2088 2128 2129 2089)
4(2128 2168 2169 2129)
4(2168 2208 2209 2169)
4(2208 2248 2249 2209)
4(809 849 850 810)
4(849 889 890 850)
4(889 929 930 890)
4(929 969 970 930)
4(969 1009 1010 970)
4(1009 1049 1050 1010)
4(1049 1089 1090 1050)
4(1089 1129 1130 1090)
4(1129 1169 1170 1130)
4(1169 1209 1210 1170)
4(1209 1249 1250 1210)
4(1249 1289 1290 1250)
4(1289 1329 1330 1290)
4(1329 1369 1370 1330)
4(1369 1409 1410 1370)
4(1409 1449 1450 1410)
4(1449 1489 1490 1450)
4(1489 1529 1530 1490)
4(1529 1569 1570 1530)
4(1569 1609 1610 1570)
4(1609 1649 1650 1610)
4(1649 1689 1690 1650)
4(1689 1729 1730 1690)
4(1729 1769 1770 1730)
4(1769 1809 1810 1770)
4(1809 1849 1850 1810)
4(1849 1889 1890 1850)
4(1889 1929 1930 1890)
4(1929 1969 1970 1930)
4(1969 2009 2010 1970)
4(2009 2049 2050 2010)
4(2049 2089 2090 2050)
4(2089 2129 2130 2090)
4(2129 2169 2170 2130)
4(2169 2209 2210 2170)
4(2209 2249 2250 2210)
4(810 850 851 811)
4(850 890 891 851)
4(890 930 931 891)
4(930 970 971 931)
4(970 1010 1011 971)
4(1010 1050 1051 1011)
4(1050 1090 1091 1051)
4(1090 1130 1131 1091)
4(1130 1170 1171 1131)
4(1170 1210 1211 1171)
4(1210 1250 1251 1211)
4(1250 1290 1291 1251)
4(1290 1330 1331 1291)
4(1330 1370 1371 1331)
4(1370 1410 1411 1371)
4(1410 1450 1451 1411)
4(1450 1490 1491 1451)
4(1490 1530 1531 1491)
4(1530 1570 1571 1531)
4(1570 1610 1611 1571)
4(1610 1650 1651 1611)
4(1650 1690 1691 1651)
4(1690 1730 1731 1691)
4(1730 1770 1771 1731)
4(1770 1810 1811 1771)
4(1810 1850 1851 1811)
4(1850 1890 1891 1851)
4(1890 1930 1931 1891)
4(1930 1970 1971 1931)
4(1970 2010 2011 1971)
4(2010 2050 2051 2011)
4(2050 2090 2091 2051)
4(2090 2130 2131 2091)
4(2130 2170 2171 2131)
4(2170 2210 2211 2171)
4(2210 2250 2251 2211)
4(811 851 852 812)
4(851 891 892 852)
4(891 931 932 892)
4(931 971 972 932)
4(971 1011 1012 972)
4(1011 1051 1052 1012)
4(1051 1091 1092 1052)
4(1091 1131 1132 1092)
4(1131 1171 1172 1132)
4(1171 1211 1212 1172)
4(1211 1251 1252 1212)
4(1251 1291 1292 1252)
4(1291 1331 1332 1292)
4(1331 1371 1372 1332)
4(1371 1411 1412 1372)
4(1411 1451 1452 1412)
4(1451 1491 1492 1452)
4(1491 1531 1532 1492)
4(1531 1571 1572 1532)
4(1571 1611 1612 1572)
4(1611 1651 1652 1612)
4(1651 1691 1692 1652)
4(1691 1731 1732 1692)
4(1731 1771 1772 1732)
4(1771 1811 1812 1772)
4(1811 1851 1852 1812)
4(1851 1891 1892 1852)
4(1891 1931 1932 1892)
4(1931 1971 1972 1932)
4(1971 2011 2012 1972)
4(2011 2051 2052 2012)
4(2051 2091 2092 2052)
4(2091 2131 2132 2092)
4(2131 2171 2172 2132)
4(2171 2211 2212 2172)
4(2211 2251 2252 2212)
4(812 852 853 813)
4(852 892 893 853)
4(892 932 933 893)
4(932 972 973 933)
4(972 1012 1013 973)
4(1012 1052 1053 1013)
4(1052 1092 1093 1053)
4(1092 1132 1133 1093)
4(1132 1172 1173 1133)
4(1172 1212 1213 1173)
4(1212 1252 1253 1213)
4(1252 1292 1293 1253)
4(1292 1332 1333 1293)
4(1332 1372 1373 1333)
4(1372 1412 1413 1373)
4(1412 1452 1453 1413)
4(1452 1492 1493 1453)
4(1492 1532 1533 1493)
4(1532 1572 1573 1533)
4(1572 1612 1613 1573)
4(1612 1652 1653 1613)
4(1652 1692 1693 1653)
4(1692 1732 1733 1693)
4(1732 1772 1773 1733)
4(1772 1812 1813 1773)
4(1812 1852 1853 1813)
4(1852 1892 1893 1853)
4(1892 1932 1933 1893)
4(1932 1972 1973 1933)
4(1972 2012 2013 1973)
4(2012 2052 2053 2013)
4(2052 2092 2093 2053)
4(2092 2132 2133 2093)
4(2132 2172 2173 2133)
4(2172 2212 2213 2173)
4(2212 2252 2253 2213)
4(813 853 854 814)
4(853 893 894 854)
4(893 933 934 894)
4(933 973 974 934)
4(973 1013 1014 974)
4(1013 1053 1054 1014)
4(1053 1093 1094 1054)
4(1093 1133 1134 1094)
4(1133 1173 1174 1134)
4(1173 1213 1214 1174)
4(1213 1253 1254 1214)
4(1253 1293 1294 1254)
4(1293 1333 1334 1294)
4(1333 1373 1374 1334)
4(1373 1413 1414 1374)
4(1413 1453 1454 1414)
4(1453 1493 1494 1454)
4(1493 1533 1534 1494)
4(1533 1573 1574 1534)
4(1573 1613 1614 1574)
4(1613 1653 1654 1614)
4(1653 1693 1694 1654)
4(1693 1733 1734 1694)
4(1733 1773 1774 1734)
4(1773 1813 1814 1774)
4(1813 1853 1854 1814)
4(1853 1893 1894 1854)
4(1893 1933 1934 1894)
4(1933 1973 1974 1934)
4(1973 2013 2014 1974)
4(2013 2053 2054 2014)
4(2053 2093 2094 2054)
4(2093 2133 2134 2094)
4(2133 2173 2174 2134)
4(2173 2213 2214 2174)
4(2213 2253 2254 2214)
4(628 670 671 629)
4(670 712 713 671)
4(712 754 755 713)
4(754 534 795 755)
4(629 671 672 630)
4(671 713 714 672)
4(713 755 756 714)
4(755 795 796 756)
4(630 672 673 631)
4(672 714 715 673)
4(714 756 757 715)
4(756 796 797 757)
4(631 673 674 632)
4(673 715 716 674)
4(715 757 758 716)
4(757 797 798 758)
4(632 674 675 633)
4(674 716 717 675)
4(716 758 759 717)
4(758 798 799 759)
4(633 675 676 634)
4(675 717 718 676)
4(717 759 760 718)
4(759 799 800 760)
4(634 676 677 635)
4(676 718 719 677)
4(718 760 761 719)
4(760 800 801 761)
4(635 677 678 636)
4(677 719 720 678)
4(719 761 762 720)
4(761 801 802 762)
4(636 678 679 637)
4(678 720 721 679)
4(720 762 763 721)
4(762 802 803 763)
4(637 679 680 638)
4(679 721 722 680)
4(721 763 764 722)
4(763 803 804 764)
4(638 680 681 639)
4(680 722 723 681)
4(722 764 765 723)
4(764 804 805 765)
4(639 681 682 640)
4(681 723 724 682)
4(723 765 766 724)
4(765 805 806 766)
4(640 682 683 641)
4(682 724 725 683)
4(724 766 767 725)
4(766 806 807 767)
4(641 683 684 642)
4(683 725 726 684)
4(725 767 768 726)
4(767 807 808 768)
4(642 684 685 643)
4(684 726 727 685)
4(726 768 769 727)
4(768 808 809 769)
4(643 685 686 644)
4(685 727 728 686)
4(727 769 770 728)
4(769 809 810 770)
4(644 686 687 645)
4(686 728 729 687)
4(728 770 771 729)
4(770 810 811 771)
4(645 687 688 646)
4(687 729 730 688)
4(729 771 772 730)
4(771 811 812 772)
4(646 688 689 647)
4(688 730 731 689)
4(730 772 773 731)
4(772 812 813 773)
4(647 689 690 648)
4(689 731 732 690)
4(731 773 774 732)
4(773 813 814 774)
4(814 854 2258 2256)
4(854 894 2260 2258)
4(894 934 2262 2260)
4(934 974 2264 2262)
4(974 1014 2266 2264)
4(1014 1054 2268 2266)
4(1054 1094 2270 2268)
4(1094 1134 2272 2270)
4(1134 1174 2274 2272)
4(1174 1214 2276 2274)
4(1214 1254 2278 2276)
4(1254 1294 2280 2278)
4(1294 1334 2282 2280)
4(1334 1374 2284 2282)
4(1374 1414 2286 2284)
4(1414 1454 2288 2286)
4(1454 1494 2290 2288)
4(1494 1534 2292 2290)
4(1534 1574 2294 2292)
4(1574 1614 2296 2294)
4(1614 1654 2298 2296)
4(1654 1694 2300 2298)
4(1694 1734 2302 2300)
4(1734 1774 2304 2302)
4(1774 1814 2306 2304)
4(1814 1854 2308 2306)
4(1854 1894 2310 2308)
4(1894 1934 2312 2310)
4(1934 1974 2314 2312)
4(1974 2014 2316 2314)
4(2014 2054 2318 2316)
4(2054 2094 2320 2318)
4(2094 2134 2322 2320)
4(2134 2174 2324 2322)
4(2174 2214 2326 2324)
4(2214 2254 2328 2326)
4(52 53 66 65)
4(65 66 79 78)
4(78 79 92 91)
4(91 92 105 104)
4(104 105 118 117)
4(117 118 131 130)
4(130 131 144 143)
4(143 144 157 156)
4(156 157 170 169)
4(169 170 183 182)
4(182 183 196 195)
4(195 196 209 208)
4(208 209 222 221)
4(221 222 235 234)
4(234 235 248 247)
4(247 248 261 260)
4(260 261 274 273)
4(273 274 287 286)
4(286 287 300 299)
4(299 300 313 312)
4(312 313 326 325)
4(325 326 339 338)
4(338 339 352 351)
4(351 352 365 364)
4(364 365 378 377)
4(377 378 391 390)
4(390 391 404 403)
4(403 404 417 416)
4(416 417 430 429)
4(429 430 443 442)
4(442 443 456 455)
4(455 456 469 468)
4(468 469 482 481)
4(481 482 495 494)
4(494 495 508 507)
4(507 508 521 520)
4(53 54 67 66)
4(66 67 80 79)
4(79 80 93 92)
4(92 93 106 105)
4(105 106 119 118)
4(118 119 132 131)
4(131 132 145 144)
4(144 145 158 157)
4(157 158 171 170)
4(170 171 184 183)
4(183 184 197 196)
4(196 197 210 209)
4(209 210 223 222)
4(222 223 236 235)
4(235 236 249 248)
4(248 249 262 261)
4(261 262 275 274)
4(274 275 288 287)
4(287 288 301 300)
4(300 301 314 313)
4(313 314 327 326)
4(326 327 340 339)
4(339 340 353 352)
4(352 353 366 365)
4(365 366 379 378)
4(378 379 392 391)
4(391 392 405 404)
4(404 405 418 417)
4(417 418 431 430)
4(430 431 444 443)
4(443 444 457 456)
4(456 457 470 469)
4(469 470 483 482)
4(482 483 496 495)
4(495 496 509 508)
4(508 509 522 521)
4(54 55 68 67)
4(67 68 81 80)
4(80 81 94 93)
4(93 94 107 106)
4(106 107 120 119)
4(119 120 133 132)
4(132 133 146 145)
4(145 146 159 158)
4(158 159 172 171)
4(171 172 185 184)
4(184 185 198 197)
4(197 198 211 210)
4(210 211 224 223)
4(223 224 237 236)
4(236 237 250 249)
4(249 250 263 262)
4(262 263 276 275)
4(275 276 289 288)
4(288 289 302 301)
4(301 302 315 314)
4(314 315 328 327)
4(327 328 341 340)
4(340 341 354 353)
4(353 354 367 366)
4(366 367 380 379)
4(379 380 393 392)
4(392 393 406 405)
4(405 406 419 418)
4(418 419 432 431)
4(431 432 445 444)
4(444 445 458 457)
4(457 458 471 470)
4(470 471 484 483)
4(483 484 497 496)
4(496 497 510 509)
4(509 510 523 522)
4(55 56 69 68)
4(68 69 82 81)
4(81 82 95 94)
4(94 95 108 107)
4(107 108 121 120)
4(120 121 134 133)
4(133 134 147 146)
4(146 147 160 159)
4(159 160 173 172)
4(172 173 186 185)
4(185 186 199 198)
4(198 199 212 211)
4(211 212 225 224)
4(224 225 238 237)
4(237 238 251 250)
4(250 251 264 263)
4(263 264 277 276)
4(276 277 290 289)
4(289 290 303 302)
4(302 303 316 315)
4(315 316 329 328)
4(328 329 342 341)
4(341 342 355 354)
4(354 355 368 367)
4(367 368 381 380)
4(380 381 394 393)
4(393 394 407 406)
4(406 407 420 419)
4(419 420 433 432)
4(432 433 446 445)
4(445 446 459 458)
4(458 459 472 471)
4(471 472 485 484)
4(484 485 498 497)
4(497 498 511 510)
4(510 511 524 523)
4(56 57 70 69)
4(69 70 83 82)
4(82 83 96 95)
4(95 96 109 108)
4(108 109 122 121)
4(121 122 135 134)
4(134 135 148 147)
4(147 148 161 160)
4(160 161 174 173)
4(173 174 187 186)
4(186 187 200 199)
4(199 200 213 212)
4(212 213 226 225)
4(225 226 239 238)
4(238 239 252 251)
4(251 252 265 264)
4(264 265 278 277)
4(277 278 291 290)
4(290 291 304 303)
4(303 304 317 316)
4(316 317 330 329)
4(329 330 343 342)
4(342 343 356 355)
4(355 356 369 368)
4(368 369 382 381)
4(381 382 395 394)
4(394 395 408 407)
4(407 408 421 420)
4(420 421 434 433)
4(433 434 447 446)
4(446 447 460 459)
4(459 460 473 472)
4(472 473 486 485)
4(485 486 499 498)
4(498 499 512 511)
4(511 512 525 524)
4(57 58 71 70)
4(70 71 84 83)
4(83 84 97 96)
4(96 97 110 109)
4(109 110 123 122)
4(122 123 136 135)
4(135 136 149 148)
4(148 149 162 161)
4(161 162 175 174)
4(174 175 188 187)
4(187 188 201 200)
4(200 201 214 213)
4(213 214 227 226)
4(226 227 240 239)
4(239 240 253 252)
4(252 253 266 265)
4(265 266 279 278)
4(278 279 292 291)
4(291 292 305 304)
4(304 305 318 317)
4(317 318 331 330)
4(330 331 344 343)
4(343 344 357 356)
4(356 357 370 369)
4(369 370 383 382)
4(382 383 396 395)
4(395 396 409 408)
4(408 409 422 421)
4(421 422 435 434)
4(434 435 448 447)
4(447 448 461 460)
4(460 461 474 473)
4(473 474 487 486)
4(486 487 500 499)
4(499 500 513 512)
4(512 513 526 525)
4(0 1 14 13)
4(13 14 27 26)
4(26 27 40 39)
4(39 40 53 52)
4(1 2 15 14)
4(14 15 28 27)
4(27 28 41 40)
4(40 41 54 53)
4(2 3 16 15)
4(15 16 29 28)
4(28 29 42 41)
4(41 42 55 54)
4(3 4 17 16)
4(16 17 30 29)
4(29 30 43 42)
4(42 43 56 55)
4(4 5 18 17)
4(17 18 31 30)
4(30 31 44 43)
4(43 44 57 56)
4(5 6 19 18)
4(18 19 32 31)
4(31 32 45 44)
4(44 45 58 57)
4(58 533 535 71)
4(71 535 537 84)
4(84 537 539 97)
4(97 539 541 110)
4(110 541 543 123)
4(123 543 545 136)
4(136 545 547 149)
4(149 547 549 162)
4(162 549 551 175)
4(175 551 553 188)
4(188 553 555 201)
4(201 555 557 214)
4(214 557 559 227)
4(227 559 561 240)
4(240 561 563 253)
4(253 563 565 266)
4(266 565 567 279)
4(279 567 569 292)
4(292 569 571 305)
4(305 571 573 318)
4(318 573 575 331)
4(331 575 577 344)
4(344 577 579 357)
4(357 579 581 370)
4(370 581 583 383)
4(383 583 585 396)
4(396 585 587 409)
4(409 587 589 422)
4(422 589 591 435)
4(435 591 593 448)
4(448 593 595 461)
4(461 595 597 474)
4(474 597 599 487)
4(487 599 601 500)
4(500 601 603 513)
4(513 603 605 526)
4(533 775 815 535)
4(535 815 855 537)
4(537 855 895 539)
4(539 895 935 541)
4(541 935 975 543)
4(543 975 1015 545)
4(545 1015 1055 547)
4(547 1055 1095 549)
4(549 1095 1135 551)
4(551 1135 1175 553)
4(553 1175 1215 555)
4(555 1215 1255 557)
4(557 1255 1295 559)
4(559 1295 1335 561)
4(561 1335 1375 563)
4(563 1375 1415 565)
4(565 1415 1455 567)
4(567 1455 1495 569)
4(569 1495 1535 571)
4(571 1535 1575 573)
4(573 1575 1615 575)
4(575 1615 1655 577)
4(577 1655 1695 579)
4(579 1695 1735 581)
4(581 1735 1775 583)
4(583 1775 1815 585)
4(585 1815 1855 587)
4(587 1855 1895 589)
4(589 1895 1935 591)
4(591 1935 1975 593)
4(593 1975 2015 595)
4(595 2015 2055 597)
4(597 2055 2095 599)
4(599 2095 2135 601)
4(601 2135 2175 603)
4(603 2175 2215 605)
4(775 776 816 815)
4(815 816 856 855)
4(855 856 896 895)
4(895 896 936 935)
4(935 936 976 975)
4(975 976 1016 1015)
4(1015 1016 1056 1055)
4(1055 1056 1096 1095)
4(1095 1096 1136 1135)
4(1135 1136 1176 1175)
4(1175 1176 1216 1215)
4(1215 1216 1256 1255)
4(1255 1256 1296 1295)
4(1295 1296 1336 1335)
4(1335 1336 1376 1375)
4(1375 1376 1416 1415)
4(1415 1416 1456 1455)
4(1455 1456 1496 1495)
4(1495 1496 1536 1535)
4(1535 1536 1576 1575)
4(1575 1576 1616 1615)
4(1615 1616 1656 1655)
4(1655 1656 1696 1695)
4(1695 1696 1736 1735)
4(1735 1736 1776 1775)
4(1775 1776 1816 1815)
4(1815 1816 1856 1855)
4(1855 1856 1896 1895)
4(1895 1896 1936 1935)
4(1935 1936 1976 1975)
4(1975 1976 2016 2015)
4(2015 2016 2056 2055)
4(2055 2056 2096 2095)
4(2095 2096 2136 2135)
4(2135 2136 2176 2175)
4(2175 2176 2216 2215)
4(776 777 817 816)
4(816 817 857 856)
4(856 857 897 896)
4(896 897 937 936)
4(936 937 977 976)
4(976 977 1017 1016)
4(1016 1017 1057 1056)
4(1056 1057 1097 1096)
4(1096 1097 1137 1136)
4(1136 1137 1177 1176)
4(1176 1177 1217 1216)
4(1216 1217 1257 1256)
4(1256 1257 1297 1296)
4(1296 1297 1337 1336)
4(1336 1337 1377 1376)
4(1376 1377 1417 1416)
4(1416 1417 1457 1456)
4(1456 1457 1497 1496)
4(1496 1497 1537 1536)
4(1536 1537 1577 1576)
4(1576 1577 1617 1616)
4(1616 1617 1657 1656)
4(1656 1657 1697 1696)
4(1696 1697 1737 1736)
4(1736 1737 1777 1776)
4(1776 1777 1817 1816)
4(1816 1817 1857 1856)
4(1856 1857 1897 1896)
4(1896 1897 1937 1936)
4(1936 1937 1977 1976)
4(1976 1977 2017 2016)
4(2016 2017 2057 2056)
4(2056 2057 2097 2096)
4(2096 2097 2137 2136)
4(2136 2137 2177 2176)
4(2176 2177 2217 2216)
4(777 778 818 817)
4(817 818 858 857)
4(857 858 898 897)
4(897 898 938 937)
4(937 938 978 977)
4(977 978 1018 1017)
4(1017 1018 1058 1057)
4(1057 1058 1098 1097)
4(1097 1098 1138 1137)
4(1137 1138 1178 1177)
4(1177 1178 1218 1217)
4(1217 1218 1258 1257)
4(1257 1258 1298 1297)
4(1297 1298 1338 1337)
4(1337 1338 1378 1377)
4(1377 1378 1418 1417)
4(1417 1418 1458 1457)
4(1457 1458 1498 1497)
4(1497 1498 1538 1537)
4(1537 1538 1578 1577)
4(1577 1578 1618 1617)
4(1617 1618 1658 1657)
4(1657 1658 1698 1697)
4(1697 1698 1738 1737)
4(1737 1738 1778 1777)
4(1777 1778 1818 1817)
4(1817 1818 1858 1857)
4(1857 1858 1898 1897)
4(1897 1898 1938 1937)
4(1937 1938 1978 1977)
4(1977 1978 2018 2017)
4(2017 2018 2058 2057)
4(2057 2058 2098 2097)
4(2097 2098 2138 2137)
4(2137 2138 2178 2177)
4(2177 2178 2218 2217)
4(778 779 819 818)
4(818 819 859 858)
4(858 859 899 898)
4(898 899 939 938)
4(938 939 979 978)
4(978 979 1019 1018)
4(1018 1019 1059 1058)
4(1058 1059 1099 1098)
4(1098 1099 1139 1138)
4(1138 1139 1179 1178)
4(1178 1179 1219 1218)
4(1218 1219 1259 1258)
4(1258 1259 1299 1298)
4(1298 1299 1339 1338)
4(1338 1339 1379 1378)
4(1378 1379 1419 1418)
4(1418 1419 1459 1458)
4(1458 1459 1499 1498)
4(1498 1499 1539 1538)
4(1538 1539 1579 1578)
4(1578 1579 1619 1618)
4(1618 1619 1659 1658)
4(1658 1659 1699 1698)
4(1698 1699 1739 1738)
4(1738 1739 1779 1778)
4(1778 1779 1819 1818)
4(1818 1819 1859 1858)
4(1858 1859 1899 1898)
4(1898 1899 1939 1938)
4(1938 1939 1979 1978)
4(1978 1979 2019 2018)
4(2018 2019 2059 2058)
4(2058 2059 2099 2098)
4(2098 2099 2139 2138)
4(2138 2139 2179 2178)
4(2178 2179 2219 2218)
4(779 780 820 819)
4(819 820 860 859)
4(859 860 900 899)
4(899 900 940 939)
4(939 940 980 979)
4(979 980 1020 1019)
4(1019 1020 1060 1059)
4(1059 1060 1100 1099)
4(1099 1100 1140 1139)
4(1139 1140 1180 1179)
4(1179 1180 1220 1219)
4(1219 1220 1260 1259)
4(1259 1260 1300 1299)
4(1299 1300 1340 1339)
4(1339 1340 1380 1379)
4(1379 1380 1420 1419)
4(1419 1420 1460 1459)
4(1459 1460 1500 1499)
4(1499 1500 1540 1539)
4(1539 1540 1580 1579)
4(1579 1580 1620 1619)
4(1619 1620 1660 1659)
4(1659 1660 1700 1699)
4(1699 1700 1740 1739)
4(1739 1740 1780 1779)
4(1779 1780 1820 1819)
4(1819 1820 1860 1859)
4(1859 1860 1900 1899)
4(1899 1900 1940 1939)
4(1939 1940 1980 1979)
4(1979 1980 2020 2019)
4(2019 2020 2060 2059)
4(2059 2060 2100 2099)
4(2099 2100 2140 2139)
4(2139 2140 2180 2179)
4(2179 2180 2220 2219)
4(780 781 821 820)
4(820 821 861 860)
4(860 861 901 900)
4(900 901 941 940)
4(940 941 981 980)
4(980 981 1021 1020)
4(1020 1021 1061 1060)
4(1060 1061 1101 1100)
4(1100 1101 1141 1140)
4(1140 1141 1181 1180)
4(1180 1181 1221 1220)
4(1220 1221 1261 1260)
4(1260 1261 1301 1300)
4(1300 1301 1341 1340)
4(1340 1341 1381 1380)
4(1380 1381 1421 1420)
4(1420 1421 1461 1460)
4(1460 1461 1501 1500)
4(1500 1501 1541 1540)
4(1540 1541 1581 1580)
4(1580 1581 1621 1620)
4(1620 1621 1661 1660)
4(1660 1661 1701 1700)
4(1700 1701 1741 1740)
4(1740 1741 1781 1780)
4(1780 1781 1821 1820)
4(1820 1821 1861 1860)
4(1860 1861 1901 1900)
4(1900 1901 1941 1940)
4(1940 1941 1981 1980)
4(1980 1981 2021 2020)
4(2020 2021 2061 2060)
4(2060 2061 2101 2100)
4(2100 2101 2141 2140)
4(2140 2141 2181 2180)
4(2180 2181 2221 2220)
4(781 782 822 821)
4(821 822 862 861)
4(861 862 902 901)
4(901 902 942 941)
4(941 942 982 981)
4(981 982 1022 1021)
4(1021 1022 1062 1061)
4(1061 1062 1102 1101)
4(1101 1102 1142 1141)
4(1141 1142 1182 1181)
4(1181 1182 1222 1221)
4(1221 1222 1262 1261)
4(1261 1262 1302 1301)
4(1301 1302 1342 1341)
4(1341 1342 1382 1381)
4(1381 1382 1422 1421)
4(1421 1422 1462 1461)
4(1461 1462 1502 1501)
4(1501 1502 1542 1541)
4(1541 1542 1582 1581)
4(1581 1582 1622 1621)
4(1621 1622 1662 1661)
4(1661 1662 1702 1701)
4(1701 1702 1742 1741)
4(1741 1742 1782 1781)
4(1781 1782 1822 1821)
4(1821 1822 1862 1861)
4(1861 1862 1902 1901)
4(1901 1902 1942 1941)
4(1941 1942 1982 1981)
4(1981 1982 2022 2021)
4(2021 2022 2062 2061)
4(2061 2062 2102 2101)
4(2101 2102 2142 2141)
4(2141 2142 2182 2181)
4(2181 2182 2222 2221)
4(782 783 823 822)
4(822 823 863 862)
4(862 863 903 902)
4(902 903 943 942)
4(942 943 983 982)
4(982 983 1023 1022)
4(1022 1023 1063 1062)
4(1062 1063 1103 1102)
4(1102 1103 1143 1142)
4(1142 1143 1183 1182)
4(1182 1183 1223 1222)
4(1222 1223 1263 1262)
4(1262 1263 1303 1302)
4(1302 1303 1343 1342)
4(1342 1343 1383 1382)
4(1382 1383 1423 1422)
4(1422 1423 1463 1462)
4(1462 1463 1503 1502)
4(1502 1503 1543 1542)
4(1542 1543 1583 1582)
4(1582 1583 1623 1622)
4(1622 1623 1663 1662)
4(1662 1663 1703 1702)
4(1702 1703 1743 1742)
4(1742 1743 1783 1782)
4(1782 1783 1823 1822)
4(1822 1823 1863 1862)
4(1862 1863 1903 1902)
4(1902 1903 1943 1942)
4(1942 1943 1983 1982)
4(1982 1983 2023 2022)
4(2022 2023 2063 2062)
4(2062 2063 2103 2102)
4(2102 2103 2143 2142)
4(2142 2143 2183 2182)
4(2182 2183 2223 2222)
4(783 784 824 823)
4(823 824 864 863)
4(863 864 904 903)
4(903 904 944 943)
4(943 944 984 983)
4(983 984 1024 1023)
4(1023 1024 1064 1063)
4(1063 1064 1104 1103)
4(1103 1104 1144 1143)
4(1143 1144 1184 1183)
4(1183 1184 1224 1223)
4(1223 1224 1264 1263)
4(1263 1264 1304 1303)
4(1303 1304 1344 1343)
4(1343 1344 1384 1383)
4(1383 1384 1424 1423)
4(1423 1424 1464 1463)
4(1463 1464 1504 1503)
4(1503 1504 1544 1543)
4(1543 1544 1584 1583)
4(1583 1584 1624 1623)
4(1623 1624 1664 1663)
4(1663 1664 1704 1703)
4(1703 1704 1744 1743)
4(1743 1744 1784 1783)
4(1783 1784 1824 1823)
4(1823 1824 1864 1863)
4(1863 1864 1904 1903)
4(1903 1904 1944 1943)
4(1943 1944 1984 1983)
4(1983 1984 2024 2023)
4(2023 2024 2064 2063)
4(2063 2064 2104 2103)
4(2103 2104 2144 2143)
4(2143 2144 2184 2183)
4(2183 2184 2224 2223)
4(784 785 825 824)
4(824 825 865 864)
4(864 865 905 904)
4(904 905 945 944)
4(944 945 985 984)
4(984 985 1025 1024)
4(1024 1025 1065 1064)
4(1064 1065 1105 1104)
4(1104 1105 1145 1144)
4(1144 1145 1185 1184)
4(1184 1185 1225 1224)
4(1224 1225 1265 1264)
4(1264 1265 1305 1304)
4(1304 1305 1345 1344)
4(1344 1345 1385 1384)
4(1384 1385 1425 1424)
4(1424 1425 1465 1464)
4(1464 1465 1505 1504)
4(1504 1505 1545 1544)
4(1544 1545 1585 1584)
4(1584 1585 1625 1624)
4(1624 1625 1665 1664)
4(1664 1665 1705 1704)
4(1704 1705 1745 1744)
4(1744 1745 1785 1784)
4(1784 1785 1825 1824)
4(1824 1825 1865 1864)
4(1864 1865 1905 1904)
4(1904 1905 1945 1944)
4(1944 1945 1985 1984)
4(1984 1985 2025 2024)
4(2024 2025 2065 2064)
4(2064 2065 2105 2104)
4(2104 2105 2145 2144)
4(2144 2145 2185 2184)
4(2184 2185 2225 2224)
4(785 786 826 825)
4(825 826 866 865)
4(865 866 906 905)
4(905 906 946 945)
4(945 946 986 985)
4(985 986 1026 1025)
4(1025 1026 1066 1065)
4(1065 1066 1106 1105)
4(1105 1106 1146 1145)
4(1145 1146 1186 1185)
4(1185 1186 1226 1225)
4(1225 1226 1266 1265)
4(1265 1266 1306 1305)
4(1305 1306 1346 1345)
4(1345 1346 1386 1385)
4(1385 1386 1426 1425)
4(1425 1426 1466 1465)
4(1465 1466 1506 1505)
4(1505 1506 1546 1545)
4(1545 1546 1586 1585)
4(1585 1586 1626 1625)
4(1625 1626 1666 1665)
4(1665 1666 1706 1705)
4(1705 1706 1746 1745)
4(1745 1746 1786 1785)
4(1785 1786 1826 1825)
4(1825 1826 1866 1865)
4(1865 1866 1906 1905)
4(1905 1906 1946 1945)
4(1945 1946 1986 1985)
4(1985 1986 2026 2025)
4(2025 2026 2066 2065)
4(2065 2066 2106 2105)
4(2105 2106 2146 2145)
4(2145 2146 2186 2185)
4(2185 2186 2226 2225)
4(786 787 827 826)
4(826 827 867 866)
4(866 867 907 906)
4(906 907 947 946)
4(946 947 987 986)
4(986 987 1027 1026)
4(1026 1027 1067 1066)
4(1066 1067 1107 1106)
4(1106 1107 1147 1146)
4(1146 1147 1187 1186)
4(1186 1187 1227 1226)
4(1226 1227 1267 1266)
4(1266 1267 1307 1306)
4(1306 1307 1347 1346)
4(1346 1347 1387 1386)
4(1386 1387 1427 1426)
4(1426 1427 1467 1466)
4(1466 1467 1507 1506)
4(1506 1507 1547 1546)
4(1546 1547 1587 1586)
4(1586 1587 1627 1626)
4(1626 1627 1667 1666)
4(1666 1667 1707 1706)
4(1706 1707 1747 1746)
4(1746 1747 1787 1786)
4(1786 1787 1827 1826)
4(1826 1827 1867 1866)
4(1866 1867 1907 1906)
4(1906 1907 1947 1946)
4(1946 1947 1987 1986)
4(1986 1987 2027 2026)
4(2026 2027 2067 2066)
4(2066 2067 2107 2106)
4(2106 2107 2147 2146)
4(2146 2147 2187 2186)
4(2186 2187 2227 2226)
4(787 788 828 827)
4(827 828 868 867)
4(867 868 908 907)
4(907 908 948 947)
4(947 948 988 987)
4(987 988 1028 1027)
4(1027 1028 1068 1067)
4(1067 1068 1108 1107)
4(1107 1108 1148 1147)
4(1147 1148 1188 1187)
4(1187 1188 1228 1227)
4(1227 1228 1268 1267)
4(1267 1268 1308 1307)
4(1307 1308 1348 1347)
4(1347 1348 1388 1387)
4(1387 1388 1428 1427)
4(1427 1428 1468 1467)
4(1467 1468 1508 1507)
4(1507 1508 1548 1547)
4(1547 1548 1588 1587)
4(1587 1588 1628 1627)
4(1627 1628 1668 1667)
4(1667 1668 1708 1707)
4(1707 1708 1748 1747)
4(1747 1748 1788 1787)
4(1787 1788 1828 1827)
4(1827 1828 1868 1867)
4(1867 1868 1908 1907)
4(1907 1908 1948 1947)
4(1947 1948 1988 1987)
4(1987 1988 2028 2027)
4(2027 2028 2068 2067)
4(2067 2068 2108 2107)
4(2107 2108 2148 2147)
4(2147 2148 2188 2187)
4(2187 2188 2228 2227)
4(788 789 829 828)
4(828 829 869 868)
4(868 869 909 908)
4(908 909 949 948)
4(948 949 989 988)
4(988 989 1029 1028)
4(1028 1029 1069 1068)
4(1068 1069 1109 1108)
4(1108 1109 1149 1148)
4(1148 1149 1189 1188)
4(1188 1189 1229 1228)
4(1228 1229 1269 1268)
4(1268 1269 1309 1308)
4(1308 1309 1349 1348)
4(1348 1349 1389 1388)
4(1388 1389 1429 1428)
4(1428 1429 1469 1468)
4(1468 1469 1509 1508)
4(1508 1509 1549 1548)
4(1548 1549 1589 1588)
4(1588 1589 1629 1628)
4(1628 1629 1669 1668)
4(1668 1669 1709 1708)
4(1708 1709 1749 1748)
4(1748 1749 1789 1788)
4(1788 1789 1829 1828)
4(1828 1829 1869 1868)
4(1868 1869 1909 1908)
4(1908 1909 1949 1948)
4(1948 1949 1989 1988)
4(1988 1989 2029 2028)
4(2028 2029 2069 2068)
4(2068 2069 2109 2108)
4(2108 2109 2149 2148)
4(2148 2149 2189 2188)
4(2188 2189 2229 2228)
4(789 790 830 829)
4(829 830 870 869)
4(869 870 910 909)
4(909 910 950 949)
4(949 950 990 989)
4(989 990 1030 1029)
4(1029 1030 1070 1069)
4(1069 1070 1110 1109)
4(1109 1110 1150 1149)
4(1149 1150 1190 1189)
4(1189 1190 1230 1229)
4(1229 1230 1270 1269)
4(1269 1270 1310 1309)
4(1309 1310 1350 1349)
4(1349 1350 1390 1389)
4(1389 1390 1430 1429)
4(1429 1430 1470 1469)
4(1469 1470 1510 1509)
4(1509 1510 1550 1549)
4(1549 1550 1590 1589)
4(1589 1590 1630 1629)
4(1629 1630 1670 1669)
4(1669 1670 1710 1709)
4(1709 1710 1750 1749)
4(1749 1750 1790 1789)
4(1789 1790 1830 1829)
4(1829 1830 1870 1869)
4(1869 1870 1910 1909)
4(1909 1910 1950 1949)
4(1949 1950 1990 1989)
4(1989 1990 2030 2029)
4(2029 2030 2070 2069)
4(2069 2070 2110 2109)
4(2109 2110 2150 2149)
4(2149 2150 2190 2189)
4(2189 2190 2230 2229)
4(790 791 831 830)
4(830 831 871 870)
4(870 871 911 910)
4(910 911 951 950)
4(950 951 991 990)
4(990 991 1031 1030)
4(1030 1031 1071 1070)
4(1070 1071 1111 1110)
4(1110 1111 1151 1150)
4(1150 1151 1191 1190)
4(1190 1191 1231 1230)
4(1230 1231 1271 1270)
4(1270 1271 1311 1310)
4(1310 1311 1351 1350)
4(1350 1351 1391 1390)
4(1390 1391 1431 1430)
4(1430 1431 1471 1470)
4(1470 1471 1511 1510)
4(1510 1511 1551 1550)
4(1550 1551 1591 1590)
4(1590 1591 1631 1630)
4(1630 1631 1671 1670)
4(1670 1671 1711 1710)
4(1710 1711 1751 1750)
4(1750 1751 1791 1790)
4(1790 1791 1831 1830)
4(1830 1831 1871 1870)
4(1870 1871 1911 1910)
4(1910 1911 1951 1950)
4(1950 1951 1991 1990)
4(1990 1991 2031 2030)
4(2030 2031 2071 2070)
4(2070 2071 2111 2110)
4(2110 2111 2151 2150)
4(2150 2151 2191 2190)
4(2190 2191 2231 2230)
4(791 792 832 831)
4(831 832 872 871)
4(871 872 912 911)
4(911 912 952 951)
4(951 952 992 991)
4(991 992 1032 1031)
4(1031 1032 1072 1071)
4(1071 1072 1112 1111)
4(1111 1112 1152 1151)
4(1151 1152 1192 1191)
4(1191 1192 1232 1231)
4(1231 1232 1272 1271)
4(1271 1272 1312 1311)
4(1311 1312 1352 1351)
4(1351 1352 1392 1391)
4(1391 1392 1432 1431)
4(1431 1432 1472 1471)
4(1471 1472 1512 1511)
4(1511 1512 1552 1551)
4(1551 1552 1592 1591)
4(1591 1592 1632 1631)
4(1631 1632 1672 1671)
4(1671 1672 1712 1711)
4(1711 1712 1752 1751)
4(1751 1752 1792 1791)
4(1791 1792 1832 1831)
4(1831 1832 1872 1871)
4(1871 1872 1912 1911)
4(1911 1912 1952 1951)
4(1951 1952 1992 1991)
4(1991 1992 2032 2031)
4(2031 2032 2072 2071)
4(2071 2072 2112 2111)
4(2111 2112 2152 2151)
4(2151 2152 2192 2191)
4(2191 2192 2232 2231)
4(792 793 833 832)
4(832 833 873 872)
4(872 873 913 912)
4(912 913 953 952)
4(952 953 993 992)
4(992 993 1033 1032)
4(1032 1033 1073 1072)
4(1072 1073 1113 1112)
4(1112 1113 1153 1152)
4(1152 1153 1193 1192)
4(1192 1193 1233 1232)
4(1232 1233 1273 1272)
4(1272 1273 1313 1312)
4(1312 1313 1353 1352)
4(1352 1353 1393 1392)
4(1392 1393 1433 1432)
4(1432 1433 1473 1472)
4(1472 1473 1513 1512)
4(1512 1513 1553 1552)
4(1552 1553 1593 1592)
4(1592 1593 1633 1632)
4(1632 1633 1673 1672)
4(1672 1673 1713 1712)
4(1712 1713 1753 1752)
4(1752 1753 1793 1792)
4(1792 1793 1833 1832)
4(1832 1833 1873 1872)
4(1872 1873 1913 1912)
4(1912 1913 1953 1952)
4(1952 1953 1993 1992)
4(1992 1993 2033 2032)
4(2032 2033 2073 2072)
4(2072 2073 2113 2112)
4(2112 2113 2153 2152)
4(2152 2153 2193 2192)
4(2192 2193 2233 2232)
4(793 794 834 833)
4(833 834 874 873)
4(873 874 914 913)
4(913 914 954 953)
4(953 954 994 993)
4(993 994 1034 1033)
4(1033 1034 1074 1073)
4(1073 1074 1114 1113)
4(1113 1114 1154 1153)
4(1153 1154 1194 1193)
4(1193 1194 1234 1233)
4(1233 1234 1274 1273)
4(1273 1274 1314 1313)
4(1313 1314 1354 1353)
4(1353 1354 1394 1393)
4(1393 1394 1434 1433)
4(1433 1434 1474 1473)
4(1473 1474 1514 1513)
4(1513 1514 1554 1553)
4(1553 1554 1594 1593)
4(1593 1594 1634 1633)
4(1633 1634 1674 1673)
4(1673 1674 1714 1713)
4(1713 1714 1754 1753)
4(1753 1754 1794 1793)
4(1793 1794 1834 1833)
4(1833 1834 1874 1873)
4(1873 1874 1914 1913)
4(1913 1914 1954 1953)
4(1953 1954 1994 1993)
4(1993 1994 2034 2033)
4(2033 2034 2074 2073)
4(2073 2074 2114 2113)
4(2113 2114 2154 2153)
4(2153 2154 2194 2193)
4(2193 2194 2234 2233)
4(607 608 650 649)
4(649 650 692 691)
4(691 692 734 733)
4(733 734 775 533)
4(608 609 651 650)
4(650 651 693 692)
4(692 693 735 734)
4(734 735 776 775)
4(609 610 652 651)
4(651 652 694 693)
4(693 694 736 735)
4(735 736 777 776)
4(610 611 653 652)
4(652 653 695 694)
4(694 695 737 736)
4(736 737 778 777)
4(611 612 654 653)
4(653 654 696 695)
4(695 696 738 737)
4(737 738 779 778)
4(612 613 655 654)
4(654 655 697 696)
4(696 697 739 738)
4(738 739 780 779)
4(613 614 656 655)
4(655 656 698 697)
4(697 698 740 739)
4(739 740 781 780)
4(614 615 657 656)
4(656 657 699 698)
4(698 699 741 740)
4(740 741 782 781)
4(615 616 658 657)
4(657 658 700 699)
4(699 700 742 741)
4(741 742 783 782)
4(616 617 659 658)
4(658 659 701 700)
4(700 701 743 742)
4(742 743 784 783)
4(617 618 660 659)
4(659 660 702 701)
4(701 702 744 743)
4(743 744 785 784)
4(618 619 661 660)
4(660 661 703 702)
4(702 703 745 744)
4(744 745 786 785)
4(619 620 662 661)
4(661 662 704 703)
4(703 704 746 745)
4(745 746 787 786)
4(620 621 663 662)
4(662 663 705 704)
4(704 705 747 746)
4(746 747 788 787)
4(621 622 664 663)
4(663 664 706 705)
4(705 706 748 747)
4(747 748 789 788)
4(622 623 665 664)
4(664 665 707 706)
4(706 707 749 748)
4(748 749 790 789)
4(623 624 666 665)
4(665 666 708 707)
4(707 708 750 749)
4(749 750 791 790)
4(624 625 667 666)
4(666 667 709 708)
4(708 709 751 750)
4(750 751 792 791)
4(625 626 668 667)
4(667 668 710 709)
4(709 710 752 751)
4(751 752 793 792)
4(626 627 669 668)
4(668 669 711 710)
4(710 711 753 752)
4(752 753 794 793)
4(794 2255 2257 834)
4(834 2257 2259 874)
4(874 2259 2261 914)
4(914 2261 2263 954)
4(954 2263 2265 994)
4(994 2265 2267 1034)
4(1034 2267 2269 1074)
4(1074 2269 2271 1114)
4(1114 2271 2273 1154)
4(1154 2273 2275 1194)
4(1194 2275 2277 1234)
4(1234 2277 2279 1274)
4(1274 2279 2281 1314)
4(1314 2281 2283 1354)
4(1354 2283 2285 1394)
4(1394 2285 2287 1434)
4(1434 2287 2289 1474)
4(1474 2289 2291 1514)
4(1514 2291 2293 1554)
4(1554 2293 2295 1594)
4(1594 2295 2297 1634)
4(1634 2297 2299 1674)
4(1674 2299 2301 1714)
4(1714 2301 2303 1754)
4(1754 2303 2305 1794)
4(1794 2305 2307 1834)
4(1834 2307 2309 1874)
4(1874 2309 2311 1914)
4(1914 2311 2313 1954)
4(1954 2313 2315 1994)
4(1994 2315 2317 2034)
4(2034 2317 2319 2074)
4(2074 2319 2321 2114)
4(2114 2321 2323 2154)
4(2154 2323 2325 2194)
4(2194 2325 2327 2234)
)


// ************************************************************************* //
