V101116
CHEMKIN-Preprocessor
CRECK-Modeling
PoliMI
Mar2013
2.000000e+002
5.000000e+003
4
H2
O2
H2O
N2
5
1.233733e+004 2.887232e+000 -2.323524e-004 -3.807322e-008 6.527644e-012 
5
1.360225e+004 3.402265e+000 -3.358372e-003 -3.907894e-007 1.705319e-009 
6
2.991422e+000 3.500322e-004 -1.877943e-008 -2.307895e-012 3.165504e-016 -8.350335e+002 
6
3.298124e+000 4.124721e-004 -2.714338e-007 -2.368859e-011 8.269744e-014 -1.012521e+003 
6
2.991422e+000 7.000644e-004 -2.816914e-008 -3.077193e-012 3.956880e-016 -1.355106e+000 
6
3.298124e+000 8.249441e-004 -4.071507e-007 -3.158478e-011 1.033718e-013 -3.294094e+000 
5
9.607902e+002 1.594189e-001 -3.271015e-005 4.612947e-009 -2.952949e-013 
5
8.348595e+002 2.929696e-001 -1.495696e-004 3.414020e-007 -2.278449e-010 
6
3.697577e+000 3.067598e-004 -4.196140e-008 4.438203e-012 -2.272870e-016 -1.233930e+003 
6
3.212936e+000 5.637431e-004 -1.918717e-007 3.284693e-010 -1.753711e-013 -1.005249e+003 
6
3.697577e+000 6.135197e-004 -6.294210e-008 5.917603e-012 -2.841088e-016 3.189171e+000 
6
3.212936e+000 1.127486e-003 -2.878075e-007 4.379590e-010 -2.192138e-013 6.034739e+000 
5
1.233275e+003 1.410571e+000 -4.029277e-004 5.542956e-008 -2.949923e-012 
5
1.563129e+003 1.603808e+000 -2.932883e-003 3.216209e-006 -1.156865e-009 
6
2.672146e+000 1.528146e-003 -2.910087e-007 3.002490e-011 -1.278324e-015 -2.989921e+004 
6
3.386842e+000 1.737491e-003 -2.118232e-006 1.742145e-009 -5.013176e-013 -3.020811e+004 
6
2.672146e+000 3.056293e-003 -4.365130e-007 4.003320e-011 -1.597904e-015 6.862811e+000 
6
3.386842e+000 3.474982e-003 -3.177348e-006 2.322860e-009 -6.266470e-013 2.590232e+000 
5
8.686164e+002 4.416266e-001 -1.687218e-004 2.996768e-008 -2.004372e-012 
5
9.790364e+002 4.179609e-001 -1.176271e-003 1.674383e-006 -7.256245e-010 
6
2.926638e+000 7.439885e-004 -1.894920e-007 2.524260e-011 -1.350670e-015 -9.227954e+002 
6
3.298677e+000 7.041200e-004 -1.321074e-006 1.410379e-009 -4.889708e-013 -1.020900e+003 
6
2.926638e+000 1.487977e-003 -2.842380e-007 3.365680e-011 -1.688338e-015 5.980540e+000 
6
3.298677e+000 1.408240e-003 -1.981611e-006 1.880505e-009 -6.112135e-013 3.950372e+000 
4
2.016000e+000 3.199800e+001 1.801500e+001 2.801400e+001 
4
3.000000e+002 3.000000e+002 3.000000e+002 3.000000e+002 
4
1.000000e+003 1.000000e+003 1.000000e+003 1.000000e+003 
4
4.000000e+003 4.000000e+003 4.000000e+003 4.000000e+003 
3 4
2.000000e+000 0.000000e+000 2.000000e+000 0.000000e+000 
0.000000e+000 2.000000e+000 1.000000e+000 0.000000e+000 
0.000000e+000 0.000000e+000 0.000000e+000 2.000000e+000 
3
1.008000e+000 1.599900e+001 1.400700e+001 
H
O
N
1
-1.000000e+000
1.000000e+000
4 4
-1.583982e+001 8.692958e-001 -3.054617e-002 1.384164e-003 
-1.906650e+001 2.494518e+000 -2.440586e-001 1.072526e-002 
-2.028994e+001 2.046198e+000 -7.669556e-002 -7.595355e-004 
-1.853769e+001 2.232971e+000 -2.102014e-001 9.264622e-003 
-1.000000e+000
1.000000e+000
4 4
-4.080871e-001 -1.367820e+000 2.573166e-001 -9.895322e-003 
-1.354614e+001 2.966939e+000 -2.864428e-001 1.245853e-002 
4.742464e+000 -5.700800e+000 1.057230e+000 -5.401183e-002 
-9.168393e-002 -2.859479e+000 5.470224e-001 -2.711758e-002 
-1.000000e+000
1.000000e+000
16 4
0 0 0 0 
-2.067407e+001 2.384267e+000 -9.540292e-002 4.147209e-003 
-2.484073e+001 4.052648e+000 -3.081903e-001 1.321433e-002 
-2.047909e+001 2.289345e+000 -8.254205e-002 3.565797e-003 
-2.067407e+001 2.384267e+000 -9.540292e-002 4.147209e-003 
0 0 0 0 
-2.950116e+001 5.274326e+000 -4.521682e-001 1.888243e-002 
-2.416411e+001 3.232309e+000 -2.057504e-001 8.942119e-003 
-2.484073e+001 4.052648e+000 -3.081903e-001 1.321433e-002 
-2.950116e+001 5.274326e+000 -4.521682e-001 1.888243e-002 
0 0 0 0 
-2.931488e+001 5.213688e+000 -4.466132e-001 1.873225e-002 
-2.047909e+001 2.289345e+000 -8.254205e-002 3.565797e-003 
-2.416411e+001 3.232309e+000 -2.057504e-001 8.942119e-003 
-2.931488e+001 5.213688e+000 -4.466132e-001 1.873225e-002 
0 0 0 0 
-1.000000e+000
1.000000e+000
2
1 3 
8 4
0.000000e+000 0.000000e+000 0.000000e+000 0.000000e+000 
-4.045951e-001 -1.289564e-004 6.309897e-008 -9.926142e-012 
-1.802267e-002 -6.179848e-004 2.745334e-007 -3.780107e-011 
-4.098340e-001 -1.035470e-004 4.961432e-008 -7.853470e-012 
1.802267e-002 6.179848e-004 -2.745334e-007 3.780107e-011 
4.696003e-002 -2.468896e-004 9.825535e-008 -1.264559e-011 
0.000000e+000 0.000000e+000 0.000000e+000 0.000000e+000 
3.337324e-002 -1.920643e-004 7.745819e-008 -1.004996e-011 
