/*--------------------------------*- C++ -*----------------------------------*\
| =========                 |                                                 |
| \\      /  F ield         | OpenFOAM: The Open Source CFD Toolbox           |
|  \\    /   O peration     | Version:  2.3.x                                 |
|   \\  /    A nd           | Web:      www.OpenFOAM.org                      |
|    \\/     M anipulation  |                                                 |
\*---------------------------------------------------------------------------*/
FoamFile
{
    version     2.0;
    format      ascii;
    class       labelList;
    note        "nPoints: 2329 nCells: 1112 nFaces: 4480 nInternalFaces: 2152";
    location    "constant/polyMesh";
    object      neighbour;
}
// * * * * * * * * * * * * * * * * * * * * * * * * * * * * * * * * * * * * * //


2152
(
1
6
2
7
3
8
4
9
5
10
11
7
12
8
13
9
14
10
15
11
16
17
13
18
14
19
15
20
16
21
17
22
23
19
24
20
25
21
26
22
27
23
28
29
25
30
26
31
27
32
28
33
29
34
35
240
31
36
32
37
33
38
34
39
35
40
41
241
37
42
38
43
39
44
40
45
41
46
47
242
43
48
44
49
45
50
46
51
47
52
53
243
49
54
50
55
51
56
52
57
53
58
59
244
55
60
56
61
57
62
58
63
59
64
65
245
61
66
62
67
63
68
64
69
65
70
71
246
67
72
68
73
69
74
70
75
71
76
77
247
73
78
74
79
75
80
76
81
77
82
83
248
79
84
80
85
81
86
82
87
83
88
89
249
85
90
86
91
87
92
88
93
89
94
95
250
91
96
92
97
93
98
94
99
95
100
101
251
97
102
98
103
99
104
100
105
101
106
107
252
103
108
104
109
105
110
106
111
107
112
113
253
109
114
110
115
111
116
112
117
113
118
119
254
115
120
116
121
117
122
118
123
119
124
125
255
121
126
122
127
123
128
124
129
125
130
131
256
127
132
128
133
129
134
130
135
131
136
137
257
133
138
134
139
135
140
136
141
137
142
143
258
139
144
140
145
141
146
142
147
143
148
149
259
145
150
146
151
147
152
148
153
149
154
155
260
151
156
152
157
153
158
154
159
155
160
161
261
157
162
158
163
159
164
160
165
161
166
167
262
163
168
164
169
165
170
166
171
167
172
173
263
169
174
170
175
171
176
172
177
173
178
179
264
175
180
176
181
177
182
178
183
179
184
185
265
181
186
182
187
183
188
184
189
185
190
191
266
187
192
188
193
189
194
190
195
191
196
197
267
193
198
194
199
195
200
196
201
197
202
203
268
199
204
200
205
201
206
202
207
203
208
209
269
205
210
206
211
207
212
208
213
209
214
215
270
211
216
212
217
213
218
214
219
215
220
221
271
217
222
218
223
219
224
220
225
221
226
227
272
223
228
224
229
225
230
226
231
227
232
233
273
229
234
230
235
231
236
232
237
233
238
239
274
235
236
237
238
239
275
241
356
242
376
243
396
244
416
245
436
246
456
247
476
248
496
249
516
250
536
251
556
252
576
253
596
254
616
255
636
256
656
257
676
258
696
259
716
260
736
261
756
262
776
263
796
264
816
265
836
266
856
267
876
268
896
269
916
270
936
271
956
272
976
273
996
274
1016
275
1036
1056
277
296
278
297
279
298
280
299
281
300
282
301
283
302
284
303
285
304
286
305
287
306
288
307
289
308
290
309
291
310
292
311
293
312
294
313
295
314
315
297
316
298
317
299
318
300
319
301
320
302
321
303
322
304
323
305
324
306
325
307
326
308
327
309
328
310
329
311
330
312
331
313
332
314
333
315
334
335
317
336
318
337
319
338
320
339
321
340
322
341
323
342
324
343
325
344
326
345
327
346
328
347
329
348
330
349
331
350
332
351
333
352
334
353
335
354
355
337
356
338
357
339
358
340
359
341
360
342
361
343
362
344
363
345
364
346
365
347
366
348
367
349
368
350
369
351
370
352
371
353
372
354
373
355
374
375
357
376
358
377
359
378
360
379
361
380
362
381
363
382
364
383
365
384
366
385
367
386
368
387
369
388
370
389
371
390
372
391
373
392
374
393
375
394
395
1076
377
396
378
397
379
398
380
399
381
400
382
401
383
402
384
403
385
404
386
405
387
406
388
407
389
408
390
409
391
410
392
411
393
412
394
413
395
414
415
1077
397
416
398
417
399
418
400
419
401
420
402
421
403
422
404
423
405
424
406
425
407
426
408
427
409
428
410
429
411
430
412
431
413
432
414
433
415
434
435
1078
417
436
418
437
419
438
420
439
421
440
422
441
423
442
424
443
425
444
426
445
427
446
428
447
429
448
430
449
431
450
432
451
433
452
434
453
435
454
455
1079
437
456
438
457
439
458
440
459
441
460
442
461
443
462
444
463
445
464
446
465
447
466
448
467
449
468
450
469
451
470
452
471
453
472
454
473
455
474
475
1080
457
476
458
477
459
478
460
479
461
480
462
481
463
482
464
483
465
484
466
485
467
486
468
487
469
488
470
489
471
490
472
491
473
492
474
493
475
494
495
1081
477
496
478
497
479
498
480
499
481
500
482
501
483
502
484
503
485
504
486
505
487
506
488
507
489
508
490
509
491
510
492
511
493
512
494
513
495
514
515
1082
497
516
498
517
499
518
500
519
501
520
502
521
503
522
504
523
505
524
506
525
507
526
508
527
509
528
510
529
511
530
512
531
513
532
514
533
515
534
535
1083
517
536
518
537
519
538
520
539
521
540
522
541
523
542
524
543
525
544
526
545
527
546
528
547
529
548
530
549
531
550
532
551
533
552
534
553
535
554
555
1084
537
556
538
557
539
558
540
559
541
560
542
561
543
562
544
563
545
564
546
565
547
566
548
567
549
568
550
569
551
570
552
571
553
572
554
573
555
574
575
1085
557
576
558
577
559
578
560
579
561
580
562
581
563
582
564
583
565
584
566
585
567
586
568
587
569
588
570
589
571
590
572
591
573
592
574
593
575
594
595
1086
577
596
578
597
579
598
580
599
581
600
582
601
583
602
584
603
585
604
586
605
587
606
588
607
589
608
590
609
591
610
592
611
593
612
594
613
595
614
615
1087
597
616
598
617
599
618
600
619
601
620
602
621
603
622
604
623
605
624
606
625
607
626
608
627
609
628
610
629
611
630
612
631
613
632
614
633
615
634
635
1088
617
636
618
637
619
638
620
639
621
640
622
641
623
642
624
643
625
644
626
645
627
646
628
647
629
648
630
649
631
650
632
651
633
652
634
653
635
654
655
1089
637
656
638
657
639
658
640
659
641
660
642
661
643
662
644
663
645
664
646
665
647
666
648
667
649
668
650
669
651
670
652
671
653
672
654
673
655
674
675
1090
657
676
658
677
659
678
660
679
661
680
662
681
663
682
664
683
665
684
666
685
667
686
668
687
669
688
670
689
671
690
672
691
673
692
674
693
675
694
695
1091
677
696
678
697
679
698
680
699
681
700
682
701
683
702
684
703
685
704
686
705
687
706
688
707
689
708
690
709
691
710
692
711
693
712
694
713
695
714
715
1092
697
716
698
717
699
718
700
719
701
720
702
721
703
722
704
723
705
724
706
725
707
726
708
727
709
728
710
729
711
730
712
731
713
732
714
733
715
734
735
1093
717
736
718
737
719
738
720
739
721
740
722
741
723
742
724
743
725
744
726
745
727
746
728
747
729
748
730
749
731
750
732
751
733
752
734
753
735
754
755
1094
737
756
738
757
739
758
740
759
741
760
742
761
743
762
744
763
745
764
746
765
747
766
748
767
749
768
750
769
751
770
752
771
753
772
754
773
755
774
775
1095
757
776
758
777
759
778
760
779
761
780
762
781
763
782
764
783
765
784
766
785
767
786
768
787
769
788
770
789
771
790
772
791
773
792
774
793
775
794
795
1096
777
796
778
797
779
798
780
799
781
800
782
801
783
802
784
803
785
804
786
805
787
806
788
807
789
808
790
809
791
810
792
811
793
812
794
813
795
814
815
1097
797
816
798
817
799
818
800
819
801
820
802
821
803
822
804
823
805
824
806
825
807
826
808
827
809
828
810
829
811
830
812
831
813
832
814
833
815
834
835
1098
817
836
818
837
819
838
820
839
821
840
822
841
823
842
824
843
825
844
826
845
827
846
828
847
829
848
830
849
831
850
832
851
833
852
834
853
835
854
855
1099
837
856
838
857
839
858
840
859
841
860
842
861
843
862
844
863
845
864
846
865
847
866
848
867
849
868
850
869
851
870
852
871
853
872
854
873
855
874
875
1100
857
876
858
877
859
878
860
879
861
880
862
881
863
882
864
883
865
884
866
885
867
886
868
887
869
888
870
889
871
890
872
891
873
892
874
893
875
894
895
1101
877
896
878
897
879
898
880
899
881
900
882
901
883
902
884
903
885
904
886
905
887
906
888
907
889
908
890
909
891
910
892
911
893
912
894
913
895
914
915
1102
897
916
898
917
899
918
900
919
901
920
902
921
903
922
904
923
905
924
906
925
907
926
908
927
909
928
910
929
911
930
912
931
913
932
914
933
915
934
935
1103
917
936
918
937
919
938
920
939
921
940
922
941
923
942
924
943
925
944
926
945
927
946
928
947
929
948
930
949
931
950
932
951
933
952
934
953
935
954
955
1104
937
956
938
957
939
958
940
959
941
960
942
961
943
962
944
963
945
964
946
965
947
966
948
967
949
968
950
969
951
970
952
971
953
972
954
973
955
974
975
1105
957
976
958
977
959
978
960
979
961
980
962
981
963
982
964
983
965
984
966
985
967
986
968
987
969
988
970
989
971
990
972
991
973
992
974
993
975
994
995
1106
977
996
978
997
979
998
980
999
981
1000
982
1001
983
1002
984
1003
985
1004
986
1005
987
1006
988
1007
989
1008
990
1009
991
1010
992
1011
993
1012
994
1013
995
1014
1015
1107
997
1016
998
1017
999
1018
1000
1019
1001
1020
1002
1021
1003
1022
1004
1023
1005
1024
1006
1025
1007
1026
1008
1027
1009
1028
1010
1029
1011
1030
1012
1031
1013
1032
1014
1033
1015
1034
1035
1108
1017
1036
1018
1037
1019
1038
1020
1039
1021
1040
1022
1041
1023
1042
1024
1043
1025
1044
1026
1045
1027
1046
1028
1047
1029
1048
1030
1049
1031
1050
1032
1051
1033
1052
1034
1053
1035
1054
1055
1109
1037
1056
1038
1057
1039
1058
1040
1059
1041
1060
1042
1061
1043
1062
1044
1063
1045
1064
1046
1065
1047
1066
1048
1067
1049
1068
1050
1069
1051
1070
1052
1071
1053
1072
1054
1073
1055
1074
1075
1110
1057
1058
1059
1060
1061
1062
1063
1064
1065
1066
1067
1068
1069
1070
1071
1072
1073
1074
1075
1111
1077
1078
1079
1080
1081
1082
1083
1084
1085
1086
1087
1088
1089
1090
1091
1092
1093
1094
1095
1096
1097
1098
1099
1100
1101
1102
1103
1104
1105
1106
1107
1108
1109
1110
1111
)


// ************************************************************************* //
