V101116
CHEMKIN-Preprocessor
CRECK-Modeling
PoliMI
Mar2013
2.000000e+002
5.000000e+003
9
H2
O2
OH
H2O
H2O2
HO2
O
H
N2
5
1.233733e+004 2.887232e+000 -2.323524e-004 -3.807322e-008 6.527644e-012 
5
1.360225e+004 3.402265e+000 -3.358372e-003 -3.907894e-007 1.705319e-009 
6
2.991422e+000 3.500322e-004 -1.877943e-008 -2.307895e-012 3.165504e-016 -8.350335e+002 
6
3.298124e+000 4.124721e-004 -2.714338e-007 -2.368859e-011 8.269744e-014 -1.012521e+003 
6
2.991422e+000 7.000644e-004 -2.816914e-008 -3.077193e-012 3.956880e-016 -1.355106e+000 
6
3.298124e+000 8.249441e-004 -4.071507e-007 -3.158478e-011 1.033718e-013 -3.294094e+000 
5
9.607902e+002 1.594189e-001 -3.271015e-005 4.612947e-009 -2.952949e-013 
5
8.348595e+002 2.929696e-001 -1.495696e-004 3.414020e-007 -2.278449e-010 
6
3.697577e+000 3.067598e-004 -4.196140e-008 4.438203e-012 -2.272870e-016 -1.233930e+003 
6
3.212936e+000 5.637431e-004 -1.918717e-007 3.284693e-010 -1.753711e-013 -1.005249e+003 
6
3.697577e+000 6.135197e-004 -6.294210e-008 5.917603e-012 -2.841088e-016 3.189171e+000 
6
3.212936e+000 1.127486e-003 -2.878075e-007 4.379590e-010 -2.192138e-013 6.034739e+000 
5
1.395160e+003 5.035236e-001 -1.137471e-004 9.472176e-009 -1.543702e-013 
5
1.671478e+003 1.560793e-001 -1.507196e-004 1.781533e-007 -4.898404e-011 
6
2.853760e+000 5.149717e-004 -7.755549e-008 4.843768e-012 -6.315197e-017 3.699497e+003 
6
3.418962e+000 1.596279e-004 -1.027642e-007 9.110187e-011 -2.003910e-014 3.452644e+003 
6
2.853760e+000 1.029943e-003 -1.163332e-007 6.458357e-012 -7.893996e-017 5.787568e+000 
6
3.418962e+000 3.192558e-004 -1.541464e-007 1.214692e-010 -2.504887e-014 2.544334e+000 
5
1.233275e+003 1.410571e+000 -4.029277e-004 5.542956e-008 -2.949923e-012 
5
1.563129e+003 1.603808e+000 -2.932883e-003 3.216209e-006 -1.156865e-009 
6
2.672146e+000 1.528146e-003 -2.910087e-007 3.002490e-011 -1.278324e-015 -2.989921e+004 
6
3.386842e+000 1.737491e-003 -2.118232e-006 1.742145e-009 -5.013176e-013 -3.020811e+004 
6
2.672146e+000 3.056293e-003 -4.365130e-007 4.003320e-011 -1.597904e-015 6.862811e+000 
6
3.386842e+000 3.474982e-003 -3.177348e-006 2.322860e-009 -6.266470e-013 2.590232e+000 
5
1.117875e+003 1.059935e+000 -3.604765e-004 5.741714e-008 -3.499569e-012 
5
8.283548e+002 1.605797e+000 -3.629998e-005 -1.130743e-006 6.041427e-010 
6
4.573166e+000 2.168068e-003 -4.915630e-007 5.872257e-011 -2.863308e-015 -1.800695e+004 
6
3.388753e+000 3.284613e-003 -4.950040e-008 -1.156451e-009 4.943028e-013 -1.766314e+004 
6
4.573166e+000 4.336136e-003 -7.373445e-007 7.829677e-011 -3.579135e-015 5.011379e-001 
6
3.388753e+000 6.569226e-003 -7.425060e-008 -1.541935e-009 6.178785e-013 6.785363e+000 
5
1.011966e+003 5.642277e-001 -1.596233e-004 2.877953e-008 -2.718298e-012 
5
1.083656e+003 -1.196340e+000 5.329934e-003 -6.115407e-006 2.340789e-009 
6
4.017211e+000 1.119910e-003 -2.112194e-007 2.856159e-011 -2.158171e-015 1.118567e+002 
6
4.301798e+000 -2.374560e-003 7.052763e-006 -6.069097e-009 1.858450e-012 2.948080e+002 
6
4.017211e+000 2.239820e-003 -3.168291e-007 3.808212e-011 -2.697713e-015 3.785102e+000 
6
4.301798e+000 -4.749121e-003 1.057914e-005 -8.092130e-009 2.323063e-012 3.716662e+000 
5
1.321073e+003 -1.431768e-002 -1.612484e-006 2.365128e-009 -2.270017e-013 
5
1.531218e+003 -8.513325e-001 1.258177e-003 -8.329757e-007 2.021942e-010 
6
2.542059e+000 -1.377531e-005 -1.034268e-009 1.137767e-012 -8.736102e-017 2.923080e+004 
6
2.946428e+000 -8.190830e-004 8.070103e-007 -4.007107e-010 7.781392e-014 2.914764e+004 
6
2.542059e+000 -2.755061e-005 -1.551401e-009 1.517022e-012 -1.092013e-016 4.920309e+000 
6
2.946428e+000 -1.638166e-003 1.210516e-006 -5.342810e-010 9.726740e-014 2.963995e+000 
5
2.062119e+004 0.000000e+000 0.000000e+000 0.000000e+000 0.000000e+000 
5
2.062119e+004 0.000000e+000 0.000000e+000 0.000000e+000 0.000000e+000 
6
2.500000e+000 0.000000e+000 0.000000e+000 0.000000e+000 0.000000e+000 2.547162e+004 
6
2.500000e+000 0.000000e+000 0.000000e+000 0.000000e+000 0.000000e+000 2.547162e+004 
6
2.500000e+000 0.000000e+000 0.000000e+000 0.000000e+000 0.000000e+000 -4.601176e-001 
6
2.500000e+000 0.000000e+000 0.000000e+000 0.000000e+000 0.000000e+000 -4.601176e-001 
5
8.686164e+002 4.416266e-001 -1.687218e-004 2.996768e-008 -2.004372e-012 
5
9.790364e+002 4.179609e-001 -1.176271e-003 1.674383e-006 -7.256245e-010 
6
2.926638e+000 7.439885e-004 -1.894920e-007 2.524260e-011 -1.350670e-015 -9.227954e+002 
6
3.298677e+000 7.041200e-004 -1.321074e-006 1.410379e-009 -4.889708e-013 -1.020900e+003 
6
2.926638e+000 1.487977e-003 -2.842380e-007 3.365680e-011 -1.688338e-015 5.980540e+000 
6
3.298677e+000 1.408240e-003 -1.981611e-006 1.880505e-009 -6.112135e-013 3.950372e+000 
9
2.016000e+000 3.199800e+001 1.700700e+001 1.801500e+001 3.401400e+001 3.300600e+001 1.599900e+001 1.008000e+000 2.801400e+001 
9
3.000000e+002 3.000000e+002 3.000000e+002 3.000000e+002 3.000000e+002 3.000000e+002 3.000000e+002 3.000000e+002 3.000000e+002 
9
1.000000e+003 1.000000e+003 1.710000e+003 1.000000e+003 1.000000e+003 1.000000e+003 1.000000e+003 1.000000e+003 1.000000e+003 
9
4.000000e+003 4.000000e+003 4.000000e+003 4.000000e+003 4.000000e+003 4.000000e+003 4.000000e+003 4.000000e+003 4.000000e+003 
3 9
2.000000e+000 0.000000e+000 1.000000e+000 2.000000e+000 2.000000e+000 1.000000e+000 0.000000e+000 1.000000e+000 0.000000e+000 
0.000000e+000 2.000000e+000 1.000000e+000 1.000000e+000 2.000000e+000 2.000000e+000 1.000000e+000 0.000000e+000 0.000000e+000 
0.000000e+000 0.000000e+000 0.000000e+000 0.000000e+000 0.000000e+000 0.000000e+000 0.000000e+000 0.000000e+000 2.000000e+000 
3
1.008000e+000 1.599900e+001 1.400700e+001 
H
O
N
1
-1.000000e+000
1.000000e+000
9 4
-1.583982e+001 8.692958e-001 -3.054617e-002 1.384164e-003 
-1.906650e+001 2.494518e+000 -2.440586e-001 1.072526e-002 
-1.699621e+001 1.755265e+000 -1.474358e-001 6.515978e-003 
-2.028994e+001 2.046198e+000 -7.669556e-002 -7.595355e-004 
-1.903595e+001 2.494518e+000 -2.440586e-001 1.072526e-002 
-1.905099e+001 2.494518e+000 -2.440586e-001 1.072526e-002 
-1.702676e+001 1.755265e+000 -1.474358e-001 6.515978e-003 
-2.213944e+001 3.389886e+000 -3.580432e-001 1.556519e-002 
-1.853769e+001 2.232971e+000 -2.102014e-001 9.264622e-003 
-1.000000e+000
1.000000e+000
9 4
-4.080871e-001 -1.367820e+000 2.573166e-001 -9.895322e-003 
-1.354614e+001 2.966939e+000 -2.864428e-001 1.245853e-002 
1.040951e+000 -2.736380e+000 4.879458e-001 -2.242488e-002 
4.742464e+000 -5.700800e+000 1.057230e+000 -5.401183e-002 
-1.026188e+001 1.157612e+000 4.448142e-002 -5.823697e-003 
-1.067613e+001 1.466660e+000 -3.415379e-002 -5.341384e-004 
-9.451775e+000 1.755265e+000 -1.474358e-001 6.515979e-003 
-1.179990e+001 3.389886e+000 -3.580432e-001 1.556519e-002 
-9.168393e-002 -2.859479e+000 5.470224e-001 -2.711758e-002 
-1.000000e+000
1.000000e+000
81 4
0 0 0 0 
-2.067407e+001 2.384267e+000 -9.540292e-002 4.147209e-003 
-1.995355e+001 2.212251e+000 -7.277525e-002 3.152363e-003 
-2.484073e+001 4.052648e+000 -3.081903e-001 1.321433e-002 
-2.067583e+001 2.384267e+000 -9.540292e-002 4.147209e-003 
-2.067498e+001 2.384267e+000 -9.540292e-002 4.147209e-003 
-1.995022e+001 2.212251e+000 -7.277525e-002 3.152363e-003 
-2.034275e+001 2.649913e+000 -1.309263e-001 5.732625e-003 
-2.047909e+001 2.289345e+000 -8.254205e-002 3.565797e-003 
-2.067407e+001 2.384267e+000 -9.540292e-002 4.147209e-003 
0 0 0 0 
-2.326162e+001 3.052247e+000 -1.830438e-001 7.986951e-003 
-2.950116e+001 5.274326e+000 -4.521682e-001 1.888243e-002 
-2.445844e+001 3.340497e+000 -2.195035e-001 9.525628e-003 
-2.445109e+001 3.340497e+000 -2.195035e-001 9.525628e-003 
-2.324147e+001 3.052247e+000 -1.830438e-001 7.986951e-003 
-2.348597e+001 3.668557e+000 -2.606991e-001 1.125284e-002 
-2.416411e+001 3.232309e+000 -2.057504e-001 8.942119e-003 
-1.995355e+001 2.212251e+000 -7.277525e-002 3.152363e-003 
-2.326162e+001 3.052247e+000 -1.830438e-001 7.986951e-003 
0 0 0 0 
-2.830599e+001 5.014900e+000 -4.246910e-001 1.793318e-002 
-2.327202e+001 3.052247e+000 -1.830438e-001 7.986951e-003 
-2.326695e+001 3.052247e+000 -1.830438e-001 7.986951e-003 
-2.212645e+001 2.772451e+000 -1.467911e-001 6.418264e-003 
-2.232077e+001 3.347620e+000 -2.204227e-001 9.565245e-003 
-2.300863e+001 2.945155e+000 -1.690165e-001 7.373055e-003 
-2.484073e+001 4.052648e+000 -3.081903e-001 1.321433e-002 
-2.950116e+001 5.274326e+000 -4.521682e-001 1.888243e-002 
-2.830599e+001 5.014900e+000 -4.246910e-001 1.793318e-002 
0 0 0 0 
-2.952959e+001 5.274326e+000 -4.521682e-001 1.888243e-002 
-2.952434e+001 5.274326e+000 -4.521682e-001 1.888243e-002 
-2.829004e+001 5.014900e+000 -4.246910e-001 1.793318e-002 
-2.843628e+001 5.465004e+000 -4.688844e-001 1.929519e-002 
-2.931488e+001 5.213688e+000 -4.466132e-001 1.873225e-002 
-2.067583e+001 2.384267e+000 -9.540292e-002 4.147209e-003 
-2.445844e+001 3.340497e+000 -2.195035e-001 9.525628e-003 
-2.327202e+001 3.052247e+000 -1.830438e-001 7.986951e-003 
-2.952959e+001 5.274326e+000 -4.521682e-001 1.888243e-002 
0 0 0 0 
-2.446637e+001 3.340497e+000 -2.195035e-001 9.525628e-003 
-2.325144e+001 3.052247e+000 -1.830438e-001 7.986951e-003 
-2.348688e+001 3.668557e+000 -2.606991e-001 1.125284e-002 
-2.417814e+001 3.232309e+000 -2.057504e-001 8.942119e-003 
-2.067498e+001 2.384267e+000 -9.540292e-002 4.147209e-003 
-2.445109e+001 3.340497e+000 -2.195035e-001 9.525628e-003 
-2.326695e+001 3.052247e+000 -1.830438e-001 7.986951e-003 
-2.952434e+001 5.274326e+000 -4.521682e-001 1.888243e-002 
-2.446637e+001 3.340497e+000 -2.195035e-001 9.525628e-003 
0 0 0 0 
-2.324658e+001 3.052247e+000 -1.830438e-001 7.986951e-003 
-2.348644e+001 3.668557e+000 -2.606991e-001 1.125284e-002 
-2.417129e+001 3.232309e+000 -2.057504e-001 8.942119e-003 
-1.995022e+001 2.212251e+000 -7.277525e-002 3.152363e-003 
-2.324147e+001 3.052247e+000 -1.830438e-001 7.986951e-003 
-2.212645e+001 2.772451e+000 -1.467911e-001 6.418264e-003 
-2.829004e+001 5.014900e+000 -4.246910e-001 1.793318e-002 
-2.325144e+001 3.052247e+000 -1.830438e-001 7.986951e-003 
-2.324658e+001 3.052247e+000 -1.830438e-001 7.986951e-003 
0 0 0 0 
-2.231901e+001 3.347620e+000 -2.204227e-001 9.565245e-003 
-2.298940e+001 2.945155e+000 -1.690165e-001 7.373055e-003 
-2.034275e+001 2.649913e+000 -1.309263e-001 5.732625e-003 
-2.348597e+001 3.668557e+000 -2.606991e-001 1.125284e-002 
-2.232077e+001 3.347620e+000 -2.204227e-001 9.565245e-003 
-2.843628e+001 5.465004e+000 -4.688844e-001 1.929519e-002 
-2.348688e+001 3.668557e+000 -2.606991e-001 1.125284e-002 
-2.348644e+001 3.668557e+000 -2.606991e-001 1.125284e-002 
-2.231901e+001 3.347620e+000 -2.204227e-001 9.565245e-003 
0 0 0 0 
-2.321738e+001 3.548899e+000 -2.456284e-001 1.061902e-002 
-2.047909e+001 2.289345e+000 -8.254205e-002 3.565797e-003 
-2.416411e+001 3.232309e+000 -2.057504e-001 8.942119e-003 
-2.300863e+001 2.945155e+000 -1.690165e-001 7.373055e-003 
-2.931488e+001 5.213688e+000 -4.466132e-001 1.873225e-002 
-2.417814e+001 3.232309e+000 -2.057504e-001 8.942119e-003 
-2.417129e+001 3.232309e+000 -2.057504e-001 8.942119e-003 
-2.298940e+001 2.945155e+000 -1.690165e-001 7.373055e-003 
-2.321738e+001 3.548899e+000 -2.456284e-001 1.061902e-002 
0 0 0 0 
-1.000000e+000
1.000000e+000
5
1 3 4 7 8 
45 4
0.000000e+000 0.000000e+000 0.000000e+000 0.000000e+000 
-4.045951e-001 -1.289564e-004 6.309897e-008 -9.926142e-012 
-3.937330e-001 -5.495305e-005 2.341125e-008 -3.709764e-012 
-1.802267e-002 -6.179848e-004 2.745334e-007 -3.780107e-011 
-4.076395e-001 -1.299267e-004 6.357376e-008 -1.000083e-011 
-4.061611e-001 -1.294555e-004 6.334320e-008 -9.964562e-012 
-3.878076e-001 -5.412604e-005 2.305893e-008 -3.653935e-012 
1.359417e-001 7.926488e-005 -3.949931e-008 6.071227e-012 
-4.098340e-001 -1.035470e-004 4.961432e-008 -7.853470e-012 
3.937330e-001 5.495305e-005 -2.341125e-008 3.709764e-012 
-9.688984e-002 -1.189034e-004 5.826452e-008 -8.662782e-012 
0.000000e+000 0.000000e+000 0.000000e+000 0.000000e+000 
2.268323e-003 -2.466545e-005 1.045862e-008 -1.398878e-012 
-1.055764e-001 -1.295635e-004 6.348815e-008 -9.439434e-012 
-1.013206e-001 -1.243409e-004 6.092898e-008 -9.058935e-012 
1.157392e-002 8.770117e-006 -4.358745e-009 6.622207e-013 
2.196727e-001 4.387438e-004 -2.106577e-007 3.069083e-011 
-8.259524e-002 -8.679826e-005 4.276753e-008 -6.402585e-012 
1.802267e-002 6.179848e-004 -2.745334e-007 3.780107e-011 
4.696003e-002 -2.468896e-004 9.825535e-008 -1.264559e-011 
-2.268323e-003 2.466545e-005 -1.045862e-008 1.398878e-012 
0.000000e+000 0.000000e+000 0.000000e+000 0.000000e+000 
4.134786e-002 -2.710879e-004 1.110087e-007 -1.453698e-011 
3.950820e-002 -2.590266e-004 1.060697e-007 -1.389020e-011 
-4.671089e-003 5.079281e-005 -2.153713e-008 2.880666e-012 
-1.610147e-001 7.862095e-004 -3.088282e-007 3.942942e-011 
3.337324e-002 -1.920643e-004 7.745819e-008 -1.004996e-011 
3.878076e-001 5.412604e-005 -2.305893e-008 3.653935e-012 
-1.055764e-001 -1.295635e-004 6.348815e-008 -9.439434e-012 
-1.157392e-002 -8.770117e-006 4.358745e-009 -6.622207e-013 
4.671089e-003 -5.079281e-005 2.153713e-008 -2.880666e-012 
-1.140878e-001 -1.400088e-004 6.860651e-008 -1.020043e-011 
-1.099197e-001 -1.348936e-004 6.609997e-008 -9.827759e-012 
0.000000e+000 0.000000e+000 0.000000e+000 0.000000e+000 
2.180321e-001 4.354671e-004 -2.090844e-007 3.046161e-011 
-9.222401e-002 -9.691701e-005 4.775327e-008 -7.148985e-012 
-1.359417e-001 -7.926488e-005 3.949931e-008 -6.071227e-012 
-1.648565e-001 -5.579383e-004 2.618235e-007 -3.744006e-011 
-2.196727e-001 -4.387438e-004 2.106577e-007 -3.069083e-011 
1.610147e-001 -7.862095e-004 3.088282e-007 -3.942942e-011 
-1.654739e-001 -5.600276e-004 2.628040e-007 -3.758026e-011 
-1.651743e-001 -5.590139e-004 2.623283e-007 -3.751224e-011 
-2.180321e-001 -4.354671e-004 2.090844e-007 -3.046161e-011 
0.000000e+000 0.000000e+000 0.000000e+000 0.000000e+000 
-1.854872e-001 -5.230437e-004 2.473537e-007 -3.558379e-011 
