9
21
1
0
0
2.210000e+011
0.000000e+000
1.665000e+004
1
0
0
4.330000e+010
0.000000e+000
1.000000e+004
1
3
4
4
1.800000e+001
1
2.500000e+000
9
1.260000e+000
2
0.000000e+000
7.000000e+011
-8.000000e-001
0.000000e+000
4.650000e+009
4.000000e-001
0.000000e+000
5.000000e-001
1.000000e-030
1.000000e+030
0.000000e+000
0.000000e+000
1
0
0
8.900000e+008
0.000000e+000
-2.822000e+003
1
0
0
5.000000e+010
0.000000e+000
1.000000e+003
1
0
0
2.500000e+011
0.000000e+000
1.900000e+003
1
0
0
3.250000e+010
0.000000e+000
0.000000e+000
1
0
0
3.570000e+001
2.400000e+000
-2.110000e+003
1
1
2
1
2.500000e+000
4
1.200000e+001
2.230000e+011
0.000000e+000
9.608100e+004
1
1
2
1
2.500000e+000
4
1.200000e+001
1.550000e+011
0.000000e+000
1.151200e+005
1
1
2
4
1.600000e+001
1
2.000000e+000
4.500000e+016
-2.000000e+000
0.000000e+000
1
0
0
2.500000e+010
0.000000e+000
7.000000e+002
1
0
0
2.110000e+009
0.000000e+000
0.000000e+000
1
3
2
1
2.000000e+000
4
6.000000e+000
2.300000e+012
-9.000000e-001
-1.700000e+003
7.400000e+010
-3.700000e-001
0.000000e+000
7.346000e-001
9.400000e+001
1.756000e+003
5.182000e+003
0.000000e+000
1
1
0
1.000000e+010
0.000000e+000
0.000000e+000
1
0
0
4.000000e+007
1.000000e+000
1.900000e+004
1
0
0
2.410000e+010
0.000000e+000
3.970000e+003
1
0
0
6.025000e+010
0.000000e+000
7.950000e+003
0
0
0
5.388000e+002
2.000000e+000
2.878005e+004
0
0
0
3.195000e+002
2.000000e+000
-4.169950e+003
0
0
0
1.083000e+003
2.000000e+000
-1.657320e+003
9
2 3 4 2 4 5 4 9 0 
9
0 1 2 0 0 1 0 0 0 
9
0 0 0 0 0 0 0 0 0 
9
0 0 0 0 0 0 0 0 0 
9
0 0 0 0 0 0 0 0 0 
9
3 5 7 5 3 6 2 1 0 
9
0 0 1 0 0 0 1 1 0 
9
0 0 0 0 0 0 0 0 0 
9
0 0 0 0 0 0 0 0 0 
9
0 0 0 0 0 0 0 0 0 
9
3 5 5 4 2 4 2 1 0 
9
0 0 1 0 0 0 1 1 0 
9
0 0 0 0 0 0 0 0 0 
9
0 0 0 0 0 0 0 0 0 
9
0 0 0 0 0 0 0 0 0 
33
2 9 1 3 10 5 11 15 20 16 19 17 18 20 21 5 6 7 12 19 2 7 15 21 1 3 4 6 11 12 16 17 18 
4
4 8 14 13 
0

0

0

0

32
12 16 18 4 5 7 12 13 1 2 7 16 17 19 21 5 8 11 17 20 13 14 19 3 4 15 18 20 21 1 8 2 
3
6 10 9 
0

0

0

0

26
12 16 18 4 5 7 12 13 1 2 7 16 17 5 8 11 17 13 14 3 4 15 18 1 8 2 
3
6 10 9 
0

0

0

0

21
0.000000e+000 0.000000e+000 -1.000000e+000 -1.000000e+000 0.000000e+000 0.000000e+000 0.000000e+000 0.000000e+000 1.000000e+000 1.000000e+000 -1.000000e+000 0.000000e+000 0.000000e+000 -1.000000e+000 -1.000000e+000 0.000000e+000 0.000000e+000 0.000000e+000 0.000000e+000 0.000000e+000 0.000000e+000 
O2+H=OH+O
H2+O=OH+H
O2+H(+M)=HO2(+M)
2O2+H=O2+HO2
OH+HO2=O2+H2O
HO2+H=2OH
HO2+O=O2+OH
2OH=H2O+O
H2+M=2H+M
O2+M=2O+M
OH+H+M=H2O+M
HO2+H=H2+O2
2HO2=O2+H2O2
2OH(+M)=H2O2(+M)
OH+O+M=HO2+M
H2O+H=H2+OH
H2O2+H=OH+H2O
H2O2+H=H2+HO2
H2O+HO2=>OH+H2O2
OH+H2O2=>H2O+HO2
H2O2+O=>OH+HO2
21
2.000000e+000 2.000000e+000 2.000000e+000 3.000000e+000 2.000000e+000 2.000000e+000 2.000000e+000 2.000000e+000 2.000000e+000 2.000000e+000 3.000000e+000 2.000000e+000 2.000000e+000 2.000000e+000 3.000000e+000 2.000000e+000 2.000000e+000 2.000000e+000 2.000000e+000 2.000000e+000 2.000000e+000 
21
2.000000e+000 2.000000e+000 1.000000e+000 2.000000e+000 2.000000e+000 2.000000e+000 2.000000e+000 2.000000e+000 3.000000e+000 3.000000e+000 2.000000e+000 2.000000e+000 2.000000e+000 1.000000e+000 2.000000e+000 2.000000e+000 2.000000e+000 2.000000e+000 0.000000e+000 0.000000e+000 0.000000e+000 
0
0
